0,EHand::RIGHT,1,0,0.0,3.002853,3.790149,0
0,EHand::RIGHT,1,0,0.0,5.829757,43.39967,0
0,EHand::RIGHT,1,0,0.0,10.249937,28.432119,0
0,EHand::RIGHT,1,0,0.0,5.882407,31.523256,0
0,EHand::RIGHT,1,0,0.0,5.921385,47.303585,0
0,EHand::RIGHT,1,1,911.312622,0.0,0.0,0
0,EHand::RIGHT,1,0,0.0,5.662246,51.054726,0
0,EHand::RIGHT,1,0,0.0,6.467827,38.332737,0
0,EHand::RIGHT,1,1,2036.624878,0.0,0.0,0
0,EHand::RIGHT,1,0,0.0,9.248943,35.309395,0
0,EHand::RIGHT,1,0,0.0,6.960847,169.632339,0
0,EHand::RIGHT,1,0,0.0,6.661489,27.363316,0
0,EHand::RIGHT,1,0,0.0,5.201361,18.856226,0
0,EHand::RIGHT,1,0,0.0,6.199636,61.867638,0
0,EHand::RIGHT,1,0,0.0,6.070617,11.373435,0
0,EHand::RIGHT,1,0,0.0,6.735894,37.523846,0
0,EHand::RIGHT,1,0,0.0,4.167031,23.444485,0
0,EHand::RIGHT,1,0,0.0,6.295287,23.827785,0
0,EHand::RIGHT,1,0,0.0,7.950071,100.201584,0
0,EHand::RIGHT,1,0,0.0,5.637951,47.776974,0
0,EHand::RIGHT,1,0,0.0,5.926846,156.458862,0
0,EHand::RIGHT,1,1,1141.042114,0.0,0.0,0
0,EHand::RIGHT,1,0,0.0,5.676239,8.307206,0
0,EHand::RIGHT,1,0,0.0,5.744828,4.487882,0
0,EHand::RIGHT,1,0,0.0,9.037829,87.824516,0
0,EHand::RIGHT,1,0,0.0,6.946567,163.442078,0
0,EHand::RIGHT,1,0,0.0,6.116856,133.118683,0
0,EHand::RIGHT,1,0,0.0,3.724016,225.034149,0
0,EHand::RIGHT,1,0,0.0,6.458517,72.599136,0
0,EHand::RIGHT,1,1,888.411133,0.0,0.0,0
0,EHand::RIGHT,1,0,0.0,3.972634,88.018379,0
0,EHand::RIGHT,1,1,1610.464233,0.0,0.0,0
0,EHand::RIGHT,1,0,0.0,4.536045,78.271599,0
0,EHand::RIGHT,1,0,0.0,5.231377,408.719391,0
0,EHand::RIGHT,1,0,0.0,4.34018,299.606079,0
0,EHand::RIGHT,1,0,0.0,4.331234,34.856594,0
0,EHand::RIGHT,1,0,0.0,6.849607,24.675568,0
0,EHand::RIGHT,1,0,0.0,3.040225,478.643829,0
0,EHand::RIGHT,1,1,851.222839,0.0,0.0,0
0,EHand::RIGHT,1,0,0.0,5.726795,24.250572,0
0,EHand::RIGHT,1,0,0.0,8.067007,183.704453,0
0,EHand::RIGHT,1,0,0.0,6.324942,94.13298,0
0,EHand::RIGHT,1,0,0.0,7.442346,242.898376,0
0,EHand::RIGHT,1,0,0.0,6.69732,21.104143,0
0,EHand::RIGHT,1,0,0.0,4.602354,13.327742,0
0,EHand::RIGHT,1,0,0.0,6.966663,0.068095,0
0,EHand::RIGHT,1,0,0.0,6.876633,33.69426,0
0,EHand::RIGHT,1,0,0.0,7.089825,142.924347,0
0,EHand::RIGHT,1,0,0.0,5.968832,70.769745,0
0,EHand::RIGHT,1,0,0.0,9.709936,79.119629,0
0,EHand::RIGHT,1,0,0.0,8.711283,120.003609,0
0,EHand::RIGHT,1,0,0.0,4.077389,55.315422,0
0,EHand::RIGHT,1,0,0.0,3.63817,18.337032,0
0,EHand::RIGHT,1,0,0.0,6.987981,89.499321,0
0,EHand::RIGHT,1,0,0.0,4.227015,29.235476,0
0,EHand::RIGHT,1,0,0.0,7.400568,95.731956,0
0,EHand::RIGHT,1,0,0.0,7.470399,43.287956,0
0,EHand::RIGHT,1,0,0.0,5.883498,45.203945,0
0,EHand::RIGHT,1,0,0.0,4.935662,48.198486,0
0,EHand::RIGHT,1,0,0.0,3.473773,7.963203,0
0,EHand::RIGHT,1,0,0.0,5.840423,17.527908,0
0,EHand::RIGHT,1,0,0.0,4.968852,1.493582,0
0,EHand::RIGHT,1,1,1817.374023,13.014487,107.895248,1
0,EHand::RIGHT,1,0,0.0,9.101775,210.329926,0
0,EHand::RIGHT,1,1,1098.309204,0.0,0.0,0
0,EHand::RIGHT,1,0,0.0,7.08893,70.897835,0
0,EHand::RIGHT,1,0,0.0,9.155687,45.114365,0
0,EHand::RIGHT,1,1,934.616028,0.0,0.0,0
0,EHand::RIGHT,1,0,0.0,11.037649,56.680069,0
0,EHand::RIGHT,1,0,0.0,8.380704,150.656754,0
0,EHand::RIGHT,1,0,0.0,9.155832,7.87809,0
0,EHand::RIGHT,1,0,0.0,8.888496,64.443214,0
0,EHand::RIGHT,1,0,0.0,6.095336,238.303864,0
0,EHand::RIGHT,1,0,0.0,8.139876,129.632904,0
0,EHand::RIGHT,1,1,1023.05127,0.0,0.0,0
0,EHand::RIGHT,1,0,0.0,8.646312,160.551758,0
0,EHand::RIGHT,1,0,0.0,6.809361,94.503456,0
0,EHand::RIGHT,1,1,583.496887,0.0,0.0,0
0,EHand::RIGHT,1,0,0.0,11.74618,96.318764,0
0,EHand::RIGHT,1,1,712.366089,0.0,0.0,0
0,EHand::RIGHT,1,0,0.0,5.297935,30.24976,0
0,EHand::RIGHT,1,0,0.0,7.329636,45.593044,0
0,EHand::RIGHT,1,1,736.22052,0.0,0.0,0
0,EHand::RIGHT,1,1,911.312622,8.177687,24.137173,1
0,EHand::RIGHT,1,0,0.0,5.017066,39.938351,0
0,EHand::RIGHT,1,0,0.0,5.160553,154.921463,0
0,EHand::RIGHT,1,0,0.0,3.807621,92.989189,0
0,EHand::RIGHT,1,0,0.0,3.800683,94.966393,0
0,EHand::RIGHT,1,0,0.0,3.444398,5.006133,0
0,EHand::RIGHT,1,0,0.0,3.62376,12.111056,0
0,EHand::RIGHT,1,0,0.0,8.478004,47.599365,0
0,EHand::RIGHT,1,1,1545.387695,0.0,0.0,0
0,EHand::RIGHT,1,0,0.0,8.355337,15.562008,0
0,EHand::RIGHT,1,0,0.0,6.741013,107.41185,0
0,EHand::RIGHT,1,1,1760.629395,0.0,0.0,0
0,EHand::RIGHT,1,0,0.0,5.316836,39.04528,0
0,EHand::RIGHT,1,0,0.0,3.261802,69.730965,0
0,EHand::RIGHT,1,0,0.0,5.324029,47.82338,0
0,EHand::RIGHT,1,0,0.0,5.637045,15.084011,0
0,EHand::RIGHT,1,0,0.0,6.336842,43.185032,0
0,EHand::RIGHT,1,0,0.0,5.327266,14.612516,0
0,EHand::RIGHT,1,0,0.0,4.339664,21.067923,0
0,EHand::RIGHT,1,0,0.0,5.132465,45.02076,0
0,EHand::RIGHT,1,0,0.0,7.430107,56.301369,0
0,EHand::RIGHT,1,1,1158.298218,0.0,0.0,0
0,EHand::RIGHT,1,0,0.0,8.592542,6.297639,0
0,EHand::RIGHT,1,0,0.0,6.876572,53.025307,0
0,EHand::RIGHT,1,1,712.366089,0.0,0.0,0
0,EHand::RIGHT,1,0,0.0,9.421839,40.694592,0
0,EHand::RIGHT,1,0,0.0,11.042804,50.353096,0
0,EHand::RIGHT,1,1,674.309875,0.0,0.0,0
0,EHand::RIGHT,1,0,0.0,7.666433,42.227074,0
0,EHand::RIGHT,1,0,0.0,6.400901,2.809323,0
0,EHand::RIGHT,1,1,736.22052,0.0,0.0,0
0,EHand::RIGHT,1,0,0.0,9.123363,172.632401,0
0,EHand::RIGHT,1,1,1499.176147,0.0,0.0,0
0,EHand::RIGHT,1,0,0.0,8.694341,173.494797,0
0,EHand::RIGHT,1,0,0.0,7.570316,240.657623,0
0,EHand::RIGHT,1,0,0.0,6.755928,86.103569,0
0,EHand::RIGHT,1,0,0.0,6.977685,62.055317,0
0,EHand::RIGHT,1,0,0.0,9.429393,23.211369,0
0,EHand::RIGHT,1,0,0.0,8.81684,106.362091,0
0,EHand::RIGHT,1,0,0.0,9.434482,10.286244,0
0,EHand::RIGHT,1,1,966.262024,0.0,0.0,0
0,EHand::RIGHT,1,0,0.0,10.395157,72.809669,0
0,EHand::RIGHT,1,0,0.0,9.906086,8.073132,0
0,EHand::RIGHT,1,0,0.0,5.802306,86.443298,0
0,EHand::RIGHT,1,0,0.0,8.441242,47.365028,0
0,EHand::RIGHT,1,0,0.0,5.791903,273.689514,0
0,EHand::RIGHT,1,0,0.0,9.27296,16.816326,0
0,EHand::RIGHT,1,1,974.352722,0.0,0.0,0
0,EHand::RIGHT,1,0,0.0,3.032697,5.578394,0
0,EHand::RIGHT,1,0,0.0,5.48027,1.567469,0
0,EHand::RIGHT,1,0,0.0,9.240908,19.310493,0
0,EHand::RIGHT,1,0,0.0,7.284303,46.132534,0
0,EHand::RIGHT,1,1,815.405579,0.0,0.0,0
0,EHand::RIGHT,1,0,0.0,8.750764,39.783741,0
0,EHand::RIGHT,1,1,880.872009,0.0,0.0,0
0,EHand::RIGHT,1,0,0.0,8.354232,113.145416,0
0,EHand::RIGHT,1,0,0.0,9.055018,53.119766,0
0,EHand::RIGHT,1,0,0.0,7.387317,0.817744,0
0,EHand::RIGHT,1,1,585.1521,0.0,0.0,0
0,EHand::RIGHT,1,0,0.0,7.608968,63.366875,0
0,EHand::RIGHT,1,1,1272.422607,0.0,0.0,0
0,EHand::RIGHT,1,0,0.0,5.845595,0.127255,0
0,EHand::RIGHT,1,1,1619.794312,0.0,0.0,0
0,EHand::RIGHT,1,0,0.0,7.084929,108.405121,0
0,EHand::RIGHT,1,0,0.0,6.302763,88.871895,0
0,EHand::RIGHT,1,0,0.0,8.005881,95.120949,0
0,EHand::RIGHT,1,0,0.0,5.943714,166.571304,0
0,EHand::RIGHT,1,1,1201.810669,0.0,0.0,0
0,EHand::RIGHT,1,0,0.0,8.543278,13.784767,0
0,EHand::RIGHT,1,1,2461.533691,0.0,0.0,0
0,EHand::RIGHT,1,0,0.0,7.12639,62.169735,0
0,EHand::RIGHT,1,0,0.0,7.648233,51.239159,0
0,EHand::RIGHT,1,0,0.0,5.394023,8.334227,0
0,EHand::RIGHT,1,0,0.0,6.036477,67.136322,0
0,EHand::RIGHT,1,0,0.0,3.634899,7.837143,0
0,EHand::RIGHT,1,0,0.0,5.616651,48.935268,0
0,EHand::RIGHT,1,1,974.352722,0.0,0.0,0
0,EHand::RIGHT,1,0,0.0,4.247659,43.523861,0
0,EHand::RIGHT,1,0,0.0,4.070276,5.317165,0
0,EHand::RIGHT,1,0,0.0,3.665954,214.722275,0
0,EHand::RIGHT,1,1,2238.695068,0.0,0.0,0
0,EHand::RIGHT,1,0,0.0,13.596802,128.12291,0
0,EHand::RIGHT,1,0,0.0,11.579601,350.198517,0
0,EHand::RIGHT,1,0,0.0,7.603962,97.519653,0
0,EHand::RIGHT,1,1,1166.959106,0.0,0.0,0
0,EHand::RIGHT,1,0,0.0,5.449082,74.948227,0
0,EHand::RIGHT,1,0,0.0,3.871766,7.220469,0
0,EHand::RIGHT,1,1,2432.392334,0.0,0.0,0
0,EHand::RIGHT,1,0,0.0,7.183117,90.838638,0
0,EHand::RIGHT,1,1,2161.537842,3.815916,1.251128,0
0,EHand::RIGHT,1,0,0.0,5.089812,14.169238,0
0,EHand::RIGHT,1,0,0.0,5.432691,108.332916,0
0,EHand::RIGHT,1,0,0.0,7.400121,99.733093,0
0,EHand::RIGHT,1,0,0.0,4.032791,40.692322,0
0,EHand::RIGHT,1,0,0.0,10.409216,231.485489,0
0,EHand::RIGHT,1,0,0.0,9.182133,243.262573,0
0,EHand::RIGHT,1,0,0.0,6.328979,144.081528,0
0,EHand::RIGHT,1,1,1760.629395,0.0,0.0,0
0,EHand::RIGHT,1,0,0.0,7.555072,120.283737,0
0,EHand::RIGHT,1,0,0.0,6.249129,59.231953,0
0,EHand::RIGHT,1,0,0.0,6.775593,113.971619,0
0,EHand::RIGHT,1,0,0.0,7.528944,70.996216,0
0,EHand::RIGHT,1,0,0.0,5.751004,27.995287,0
0,EHand::RIGHT,1,0,0.0,5.497495,6.451454,0
0,EHand::RIGHT,1,0,0.0,5.275774,114.886261,0
0,EHand::RIGHT,1,0,0.0,8.701738,84.974998,0
0,EHand::RIGHT,1,1,919.037292,0.0,0.0,0
0,EHand::RIGHT,1,0,0.0,3.255966,8.988761,0
0,EHand::RIGHT,1,0,0.0,7.69428,84.460579,0
0,EHand::RIGHT,1,1,633.438721,0.0,0.0,0
0,EHand::RIGHT,1,0,0.0,11.961045,301.287994,0
0,EHand::RIGHT,1,1,700.990601,0.0,0.0,0
0,EHand::RIGHT,1,0,0.0,9.394201,53.956535,0
0,EHand::RIGHT,1,1,600.713379,0.0,0.0,0
0,EHand::RIGHT,1,0,0.0,12.376707,321.237946,0
0,EHand::RIGHT,1,0,0.0,12.077829,300.435699,0
0,EHand::RIGHT,1,1,690.007446,0.0,0.0,0
0,EHand::RIGHT,1,0,0.0,3.815657,4.207003,0
0,EHand::RIGHT,1,1,974.352722,7.093856,84.897667,1
0,EHand::RIGHT,1,0,0.0,5.235755,27.396399,0
0,EHand::RIGHT,1,1,1969.636841,6.375569,11.270336,1
0,EHand::RIGHT,1,0,0.0,7.049486,58.543785,0
0,EHand::RIGHT,1,1,1732.339233,10.360763,59.657776,0
0,EHand::RIGHT,1,1,1039.572754,13.34263,137.541428,0
0,EHand::RIGHT,1,0,0.0,10.81744,195.853256,0
0,EHand::RIGHT,1,1,1201.810669,9.469539,244.358994,0
0,EHand::RIGHT,1,0,0.0,7.396533,39.97031,0
0,EHand::RIGHT,1,1,903.632629,11.555203,275.984039,1
0,EHand::RIGHT,1,0,0.0,8.891616,185.284073,0
0,EHand::RIGHT,1,0,0.0,8.514671,86.391655,0
0,EHand::RIGHT,1,1,794.650818,9.337152,22.549376,0
0,EHand::RIGHT,1,0,0.0,8.668118,139.589783,0
0,EHand::RIGHT,1,1,1398.428589,10.217256,77.990051,0
0,EHand::RIGHT,1,0,0.0,6.462641,15.865005,0
0,EHand::RIGHT,1,1,2017.4646,6.460636,159.667892,0
0,EHand::RIGHT,1,1,2132.657715,7.291317,105.720375,0
0,EHand::RIGHT,1,0,0.0,11.637539,79.024101,0
0,EHand::RIGHT,1,0,0.0,10.890944,36.557629,0
0,EHand::RIGHT,1,0,0.0,7.829535,88.543999,0
0,EHand::RIGHT,1,1,1272.422607,9.335619,53.471745,0
0,EHand::RIGHT,1,0,0.0,7.544928,44.190887,0
0,EHand::RIGHT,1,0,0.0,6.353749,9.945152,0
0,EHand::RIGHT,1,1,2209.737305,8.537384,65.096565,0
0,EHand::RIGHT,1,0,0.0,11.442015,86.187752,0
0,EHand::RIGHT,1,0,0.0,9.581865,74.475212,0
0,EHand::RIGHT,1,1,1462.386475,5.895225,146.477722,0
0,EHand::RIGHT,1,1,1675.9375,9.277111,47.509266,0
0,EHand::RIGHT,1,0,0.0,6.569012,14.202831,0
0,EHand::RIGHT,1,1,1940.992798,7.963773,20.186157,0
0,EHand::RIGHT,1,0,0.0,10.251561,103.780418,0
0,EHand::RIGHT,1,0,0.0,6.701878,84.159897,0
0,EHand::RIGHT,1,1,1290.246826,8.210771,67.117004,0
0,EHand::RIGHT,1,0,0.0,4.3978,55.225986,0
0,EHand::RIGHT,1,0,0.0,7.010412,93.661118,0
0,EHand::RIGHT,1,0,0.0,8.252875,50.221081,0
0,EHand::RIGHT,1,0,0.0,8.544463,87.417473,0
0,EHand::RIGHT,1,1,974.352722,5.993676,0.753669,0
0,EHand::RIGHT,1,0,0.0,5.866965,17.031034,0
0,EHand::RIGHT,1,0,0.0,5.107266,5.141806,0
0,EHand::RIGHT,1,0,0.0,5.038101,12.02204,0
0,EHand::RIGHT,1,0,0.0,4.591413,2.90557,0
0,EHand::RIGHT,1,0,0.0,4.570778,0.493093,0
0,EHand::RIGHT,1,0,0.0,4.375772,34.250454,0
0,EHand::RIGHT,1,0,0.0,4.431942,23.242683,0
0,EHand::RIGHT,1,0,0.0,5.235856,7.807595,0
0,EHand::RIGHT,1,0,0.0,3.825294,7.380263,0
0,EHand::RIGHT,1,0,0.0,6.300619,132.40062,0
0,EHand::RIGHT,1,0,0.0,5.503653,13.370993,0
0,EHand::RIGHT,1,0,0.0,4.435157,58.966618,0
0,EHand::RIGHT,1,0,0.0,4.497936,15.82793,0
0,EHand::RIGHT,1,0,0.0,5.042662,19.806355,0
0,EHand::RIGHT,1,1,1344.086914,7.129972,28.889532,0
0,EHand::RIGHT,1,1,1362.148071,6.031207,46.229214,0
0,EHand::RIGHT,1,1,1732.339233,5.248044,16.866482,0
0,EHand::RIGHT,1,1,1245.810059,9.144452,77.310883,0
0,EHand::RIGHT,1,1,1149.659058,5.544077,7.604756,1
0,EHand::RIGHT,1,1,1335.077026,5.672745,26.136581,0
0,EHand::RIGHT,1,0,0.0,4.594761,6.617654,0
0,EHand::RIGHT,1,1,1582.522827,5.463906,123.904251,0
0,EHand::RIGHT,1,1,1931.453857,5.11632,10.4963,0
0,EHand::RIGHT,1,1,2597.785889,5.703947,90.919151,1
0,EHand::RIGHT,1,0,0.0,7.268041,94.138985,0
0,EHand::RIGHT,1,1,1817.374023,4.325246,9.878602,0
0,EHand::RIGHT,1,0,0.0,3.84075,180.101181,0
0,EHand::RIGHT,1,0,0.0,4.722465,135.488251,0
0,EHand::RIGHT,1,0,0.0,7.027078,87.613464,0
0,EHand::RIGHT,1,1,2094.199951,8.710851,64.173592,0
0,EHand::RIGHT,1,1,2939.95752,8.710851,64.173592,0
0,EHand::RIGHT,1,1,641.655823,4.05642,297.862579,0
0,EHand::RIGHT,1,0,0.0,6.901406,28.608818,0
0,EHand::RIGHT,1,1,1893.345947,4.634662,142.553421,0
0,EHand::RIGHT,1,1,1874.321533,8.407364,12.343202,0
0,EHand::RIGHT,1,0,0.0,5.004737,141.206512,0
0,EHand::RIGHT,1,0,0.0,8.170669,41.093178,0
0,EHand::RIGHT,1,0,0.0,5.013901,114.515648,0
0,EHand::RIGHT,1,0,0.0,7.131143,55.93668,0
0,EHand::RIGHT,1,0,0.0,6.702001,11.280232,0
0,EHand::RIGHT,1,0,0.0,7.049235,162.051315,0
0,EHand::RIGHT,1,0,0.0,6.501027,86.003311,0
0,EHand::RIGHT,1,0,0.0,8.005691,11.469788,0
0,EHand::RIGHT,2,0,0.0,5.781628,62.021763,0
0,EHand::RIGHT,2,0,0.0,4.523175,6.768668,0
0,EHand::RIGHT,2,0,0.0,4.487999,20.877974,0
0,EHand::RIGHT,2,0,0.0,4.831713,63.727768,0
0,EHand::RIGHT,2,0,0.0,4.141565,127.220184,0
0,EHand::RIGHT,2,0,0.0,8.866634,128.666092,0
0,EHand::RIGHT,2,0,0.0,6.442858,29.239298,0
0,EHand::RIGHT,2,0,0.0,6.661658,103.094231,0
0,EHand::RIGHT,2,0,0.0,7.139671,62.079491,0
0,EHand::RIGHT,2,0,0.0,6.802014,5.60112,0
0,EHand::RIGHT,2,0,0.0,5.350753,19.850779,0
0,EHand::RIGHT,2,1,654.934082,4.326943,12.695958,1
0,EHand::RIGHT,2,1,1228.155151,5.724039,94.060173,0
0,EHand::RIGHT,2,1,1563.937622,5.931093,82.475601,0
0,EHand::RIGHT,2,0,0.0,3.086683,188.17009,0
0,EHand::RIGHT,2,0,0.0,5.716251,81.245941,0
0,EHand::RIGHT,2,0,0.0,5.272801,4.215097,0
0,EHand::RIGHT,2,0,0.0,4.437968,97.978035,0
0,EHand::RIGHT,2,0,0.0,4.604699,55.807159,0
0,EHand::RIGHT,2,1,808.422852,4.904999,6.929676,0
0,EHand::RIGHT,2,0,0.0,5.424564,81.507996,0
0,EHand::RIGHT,2,0,0.0,3.725857,4.982719,0
0,EHand::RIGHT,2,0,0.0,4.351664,31.590315,0
0,EHand::RIGHT,2,1,801.504028,3.685329,45.727951,1
0,EHand::RIGHT,2,0,0.0,5.91359,75.157074,0
0,EHand::RIGHT,2,1,1228.155151,5.025374,39.237782,0
0,EHand::RIGHT,2,0,0.0,5.034723,0.987192,0
0,EHand::RIGHT,2,1,2027.042725,7.688293,69.941681,0
0,EHand::RIGHT,2,1,1685.320557,4.614314,94.48703,0
0,EHand::RIGHT,2,0,0.0,4.834501,66.084496,0
0,EHand::RIGHT,2,1,1864.817017,4.458326,71.387878,0
0,EHand::RIGHT,2,0,0.0,6.12314,75.836418,0
0,EHand::RIGHT,2,1,1115.329834,4.751296,42.439377,0
0,EHand::RIGHT,2,0,0.0,6.391141,24.262136,0
0,EHand::RIGHT,2,1,895.998413,3.449362,59.975124,0
0,EHand::RIGHT,2,1,1123.877075,6.134276,38.004833,1
0,EHand::RIGHT,2,0,0.0,4.352193,82.627319,0
0,EHand::RIGHT,2,0,0.0,5.144221,57.866802,0
0,EHand::RIGHT,2,0,0.0,4.346725,76.725578,0
0,EHand::RIGHT,2,0,0.0,4.667824,29.895601,0
0,EHand::RIGHT,2,0,0.0,4.474541,49.256565,0
0,EHand::RIGHT,3,0,0.0,5.944057,49.67897,0
0,EHand::RIGHT,3,0,0.0,6.433614,95.069893,0
0,EHand::RIGHT,3,0,0.0,5.777569,20.054144,0
0,EHand::RIGHT,3,1,695.448792,8.581054,83.972313,0
0,EHand::RIGHT,3,1,706.630493,8.46991,79.467598,1
0,EHand::RIGHT,3,1,1158.298218,5.242787,74.206139,0
0,EHand::RIGHT,3,0,0.0,5.196126,33.012428,0
0,EHand::RIGHT,3,1,1434.90686,4.269199,74.407913,0
0,EHand::RIGHT,3,0,0.0,4.210646,104.962967,0
0,EHand::RIGHT,3,1,1106.807129,3.218316,16.52931,0
0,EHand::RIGHT,3,0,0.0,5.796556,47.957306,0
0,EHand::RIGHT,3,1,982.313599,6.395187,103.437302,0
0,EHand::RIGHT,3,0,0.0,5.601276,66.721245,0
0,EHand::RIGHT,3,1,1666.561646,5.759796,158.018265,0
0,EHand::RIGHT,3,0,0.0,3.84727,19.144871,0
0,EHand::RIGHT,3,0,0.0,3.965903,34.997082,0
0,EHand::RIGHT,3,0,0.0,4.142374,1.254208,0
0,EHand::RIGHT,3,1,1184.344238,4.276508,23.26169,0
0,EHand::RIGHT,3,0,0.0,5.173146,49.714901,0
0,EHand::RIGHT,3,0,0.0,3.776495,11.517542,0
0,EHand::RIGHT,3,0,0.0,6.12802,93.499031,0
0,EHand::RIGHT,3,1,1770.071899,4.106398,40.073063,0
0,EHand::RIGHT,3,1,1081.390625,5.661455,42.639263,0
0,EHand::RIGHT,3,0,0.0,3.556156,79.772644,0
0,EHand::RIGHT,3,1,1629.132446,5.043246,57.594959,0
0,EHand::RIGHT,3,1,1722.922119,6.788157,63.257076,0
0,EHand::RIGHT,3,1,2568.555176,6.788157,63.257076,0
0,EHand::RIGHT,3,0,0.0,5.698052,48.740475,0
0,EHand::RIGHT,3,1,1788.97522,5.50551,45.191036,0
0,EHand::RIGHT,3,1,2142.281006,8.275338,159.449677,0
0,EHand::RIGHT,3,0,0.0,8.581555,230.443756,0
0,EHand::RIGHT,3,0,0.0,8.101312,78.12925,0
0,EHand::RIGHT,3,0,0.0,3.607419,77.668068,0
0,EHand::RIGHT,3,0,0.0,3.082548,50.185562,0
0,EHand::RIGHT,3,0,0.0,4.154668,49.888515,0
0,EHand::RIGHT,3,0,0.0,3.276484,89.286415,0
0,EHand::RIGHT,3,0,0.0,5.065392,42.245522,0
0,EHand::RIGHT,3,0,0.0,4.049789,36.959877,0
0,EHand::RIGHT,3,0,0.0,5.982427,67.944496,0
0,EHand::RIGHT,3,0,0.0,7.606729,10.547093,0
0,EHand::RIGHT,3,0,0.0,4.130761,70.339363,0
0,EHand::RIGHT,3,1,1807.901978,4.824046,65.273499,0
0,EHand::RIGHT,3,0,0.0,7.638896,192.248154,0
0,EHand::RIGHT,3,0,0.0,5.792595,82.186905,0
0,EHand::RIGHT,3,1,1039.572754,8.58936,192.083267,0
0,EHand::RIGHT,3,1,1657.193115,8.143624,286.055573,0
0,EHand::RIGHT,3,0,0.0,7.267931,128.75087,0
0,EHand::RIGHT,3,0,0.0,5.06776,91.060631,0
0,EHand::RIGHT,3,1,1582.522827,8.84464,156.76236,0
0,EHand::RIGHT,3,0,0.0,6.245011,142.199127,0
0,EHand::RIGHT,3,1,584.471863,11.122386,88.527763,0
0,EHand::RIGHT,3,0,0.0,5.770696,103.996872,0
0,EHand::RIGHT,3,1,1912.390259,3.610187,51.073536,0
0,EHand::RIGHT,3,0,0.0,9.144227,325.795471,0
0,EHand::RIGHT,3,0,0.0,4.368753,95.102509,0
0,EHand::RIGHT,3,1,1149.659058,5.264781,33.846699,0
0,EHand::RIGHT,3,0,0.0,7.714138,103.06813,0
0,EHand::RIGHT,3,1,2219.386963,6.045154,49.887589,0
0,EHand::RIGHT,3,0,0.0,6.03069,188.467316,0
0,EHand::RIGHT,3,1,1855.317749,3.202727,60.428295,0
0,EHand::RIGHT,3,1,1193.067505,7.434038,63.697144,0
0,EHand::RIGHT,3,0,0.0,7.22043,89.806084,0
0,EHand::RIGHT,3,1,1056.2146,8.036693,196.327698,1
0,EHand::RIGHT,3,1,1326.081421,7.793695,14.99491,1
0,EHand::RIGHT,3,0,0.0,4.559696,76.059013,0
0,EHand::RIGHT,3,1,679.435547,8.342023,95.899452,1
0,EHand::RIGHT,3,0,0.0,3.418571,91.097046,0
0,EHand::RIGHT,3,1,1056.2146,6.444777,25.064354,0
0,EHand::RIGHT,3,1,1489.963257,7.514485,42.349895,1
0,EHand::RIGHT,3,0,0.0,8.537922,34.542656,0
0,EHand::RIGHT,3,0,0.0,4.640944,32.875568,0
0,EHand::RIGHT,3,0,0.0,6.415515,62.033466,0
0,EHand::RIGHT,3,0,0.0,7.630876,296.572784,0
0,EHand::RIGHT,3,0,0.0,6.181694,70.062897,0
0,EHand::RIGHT,3,0,0.0,5.001749,56.623741,0
0,EHand::RIGHT,3,0,0.0,4.762711,48.608204,0
0,EHand::RIGHT,1,1,974.352722,5.805092,19.437561,1
0,EHand::RIGHT,1,0,0.0,6.826668,107.387955,0
0,EHand::RIGHT,1,0,0.0,4.752085,11.37289,0
0,EHand::RIGHT,1,0,0.0,4.708683,37.052563,0
0,EHand::RIGHT,1,0,0.0,4.273437,74.229202,0
0,EHand::RIGHT,1,0,0.0,6.655831,46.225449,0
0,EHand::RIGHT,1,0,0.0,4.355146,53.885746,0
0,EHand::RIGHT,1,0,0.0,7.640823,142.934509,0
0,EHand::RIGHT,1,0,0.0,7.101673,77.590599,0
0,EHand::RIGHT,1,0,0.0,10.632808,158.211456,0
0,EHand::RIGHT,1,0,0.0,11.434898,235.645584,0
0,EHand::RIGHT,1,0,0.0,9.836457,174.393997,0
0,EHand::RIGHT,1,0,0.0,12.436503,190.364975,0
0,EHand::RIGHT,1,0,0.0,8.978155,142.623611,0
0,EHand::RIGHT,1,0,0.0,7.723605,182.044678,0
0,EHand::RIGHT,1,0,0.0,4.956081,85.579857,0
0,EHand::RIGHT,1,0,0.0,5.250746,98.370239,0
0,EHand::RIGHT,1,0,0.0,6.839462,33.481232,0
0,EHand::RIGHT,1,0,0.0,5.160173,45.41396,0
0,EHand::RIGHT,1,0,0.0,4.667291,33.808567,0
0,EHand::RIGHT,1,0,0.0,6.228651,134.26416,0
0,EHand::RIGHT,1,0,0.0,5.483484,80.153191,0
0,EHand::RIGHT,1,0,0.0,5.267935,29.084507,0
0,EHand::RIGHT,1,0,0.0,5.772924,98.428574,0
0,EHand::RIGHT,1,0,0.0,4.511928,30.231892,0
0,EHand::RIGHT,1,1,1380.262573,5.545567,91.084763,0
0,EHand::RIGHT,1,0,0.0,7.992687,118.728432,0
0,EHand::RIGHT,1,0,0.0,4.258794,31.628773,0
0,EHand::RIGHT,1,0,0.0,7.477471,56.477596,0
0,EHand::RIGHT,1,1,1453.215454,5.853065,74.180122,0
0,EHand::RIGHT,1,0,0.0,5.375417,114.796303,0
0,EHand::RIGHT,1,0,0.0,6.779344,43.284565,0
0,EHand::RIGHT,1,1,2142.281006,7.151734,68.785133,0
0,EHand::RIGHT,1,0,0.0,7.903932,48.936958,0
0,EHand::RIGHT,1,1,1554.658203,7.772931,173.190552,0
0,EHand::RIGHT,1,0,0.0,4.524539,25.004564,0
0,EHand::RIGHT,1,0,0.0,10.075889,56.743244,0
0,EHand::RIGHT,1,0,0.0,8.334508,109.303665,0
0,EHand::RIGHT,1,0,0.0,6.303765,323.947693,0
0,EHand::RIGHT,1,0,0.0,8.641015,66.459724,0
0,EHand::RIGHT,1,0,0.0,11.660278,234.248215,0
0,EHand::RIGHT,1,1,602.290405,8.93295,5.660919,0
0,EHand::RIGHT,1,0,0.0,9.267398,381.384766,0
0,EHand::RIGHT,1,1,1647.831909,5.645075,121.44371,0
0,EHand::RIGHT,1,0,0.0,12.536564,224.475937,0
0,EHand::RIGHT,1,0,0.0,4.089958,39.665051,0
0,EHand::RIGHT,1,1,1254.66394,6.902687,153.592987,0
0,EHand::RIGHT,1,0,0.0,7.642754,63.163761,0
0,EHand::RIGHT,1,1,1601.14209,5.82187,165.243378,0
0,EHand::RIGHT,1,0,0.0,4.942749,49.916546,0
0,EHand::RIGHT,1,1,1741.762939,4.043393,92.992119,0
0,EHand::RIGHT,1,0,0.0,4.838709,149.195541,0
0,EHand::RIGHT,1,1,2403.271729,5.893365,11.314351,1
0,EHand::RIGHT,1,0,0.0,6.232289,17.434706,0
0,EHand::RIGHT,1,1,1499.176147,7.89019,119.879433,1
0,EHand::RIGHT,1,1,1845.823608,5.531347,80.02269,0
0,EHand::RIGHT,1,1,2277.347412,6.673509,98.522881,0
0,EHand::RIGHT,1,1,2171.171143,5.395365,93.478104,0
0,EHand::RIGHT,1,0,0.0,9.660307,121.414764,0
0,EHand::RIGHT,1,0,0.0,7.654556,154.334442,0
0,EHand::RIGHT,1,1,1201.810669,8.556013,95.084641,0
0,EHand::RIGHT,1,0,0.0,5.479462,30.147982,0
0,EHand::RIGHT,1,0,0.0,4.737488,64.522644,0
0,EHand::RIGHT,1,0,0.0,4.042593,19.322306,0
0,EHand::RIGHT,1,0,0.0,5.183013,40.432175,0
0,EHand::RIGHT,2,1,974.352722,5.550482,60.700199,1
0,EHand::RIGHT,2,0,0.0,4.951252,15.505022,0
0,EHand::RIGHT,2,0,0.0,4.83387,45.98946,0
0,EHand::RIGHT,2,0,0.0,3.947297,50.237701,0
0,EHand::RIGHT,2,0,0.0,4.88049,33.339134,0
0,EHand::RIGHT,2,0,0.0,3.284474,11.302374,0
0,EHand::RIGHT,2,0,0.0,3.291695,11.079631,0
0,EHand::RIGHT,2,0,0.0,3.296415,0.429984,0
0,EHand::RIGHT,2,0,0.0,3.866669,1.308104,0
0,EHand::RIGHT,2,0,0.0,3.566151,28.965704,0
0,EHand::RIGHT,2,0,0.0,3.876971,8.265411,0
0,EHand::RIGHT,2,0,0.0,3.829873,30.050503,0
0,EHand::RIGHT,2,0,0.0,3.222173,4.74643,0
0,EHand::RIGHT,2,0,0.0,5.045044,40.43819,0
0,EHand::RIGHT,2,0,0.0,4.398483,20.565058,0
0,EHand::RIGHT,2,0,0.0,4.39967,5.798093,0
0,EHand::RIGHT,2,0,0.0,4.986177,11.301488,0
0,EHand::RIGHT,2,0,0.0,4.034326,55.267517,0
0,EHand::RIGHT,2,0,0.0,3.818558,53.281483,0
0,EHand::RIGHT,2,0,0.0,3.253884,13.609421,0
0,EHand::RIGHT,2,0,0.0,5.181398,34.720703,0
0,EHand::RIGHT,2,1,2238.695068,8.580494,112.750778,0
0,EHand::RIGHT,2,1,2171.171143,5.238147,68.123283,0
0,EHand::RIGHT,2,1,2296.690918,5.646198,33.607491,0
0,EHand::RIGHT,2,0,0.0,8.81916,225.833252,0
0,EHand::RIGHT,2,0,0.0,5.555338,60.795116,0
0,EHand::RIGHT,2,1,934.616028,4.820356,113.856285,0
0,EHand::RIGHT,2,1,2113.421631,5.673442,32.121857,0
0,EHand::RIGHT,2,1,1517.631958,3.770683,84.366074,1
0,EHand::RIGHT,2,0,0.0,5.705088,68.115219,0
0,EHand::RIGHT,2,0,0.0,3.400265,128.649216,0
0,EHand::RIGHT,2,1,2354.786865,5.885017,17.496586,0
0,EHand::RIGHT,2,0,0.0,4.560867,13.655736,0
0,EHand::RIGHT,2,1,858.556396,4.28507,13.993965,1
0,EHand::RIGHT,2,0,0.0,3.705384,29.129974,0
0,EHand::RIGHT,2,0,0.0,5.348438,66.162819,0
0,EHand::RIGHT,2,1,1416.643921,3.367264,89.12114,0
0,EHand::RIGHT,2,1,1210.573242,3.979349,59.02581,0
0,EHand::RIGHT,2,1,2345.097656,4.842452,27.451859,0
0,EHand::RIGHT,2,1,1988.755127,3.875572,34.83989,0
0,EHand::RIGHT,2,0,0.0,4.689184,59.384933,0
0,EHand::RIGHT,2,1,1272.422607,3.607182,7.739781,0
0,EHand::RIGHT,2,1,1563.937622,3.958709,23.129942,0
0,EHand::RIGHT,2,1,2383.870361,3.958709,23.129942,0
0,EHand::RIGHT,2,0,0.0,3.597826,49.815968,0
0,EHand::RIGHT,2,0,0.0,5.824311,2.994428,0
0,EHand::RIGHT,2,0,0.0,6.217793,53.944019,0
0,EHand::RIGHT,2,0,0.0,4.864579,1.429039,0
0,EHand::RIGHT,2,0,0.0,5.092326,73.26107,0
0,EHand::RIGHT,2,0,0.0,4.041566,38.417629,0
