4,EHand::RIGHT,30.0,-0.0,-0.0
4,EHand::RIGHT,30.0,-0.0,-0.0
4,EHand::RIGHT,30.0,-0.0,-0.0
4,EHand::RIGHT,30.0,-0.0,-0.0
4,EHand::RIGHT,30.0,-0.0,-0.0
4,EHand::RIGHT,30.0,-0.0,-0.0
4,EHand::RIGHT,30.0,-0.0,-0.0
4,EHand::RIGHT,30.0,-0.0,-0.0
4,EHand::RIGHT,30.0,-0.0,-0.0
4,EHand::RIGHT,30.0,-0.0,-0.0
4,EHand::RIGHT,30.0,-0.0,-0.0
4,EHand::RIGHT,30.0,-0.0,-0.0
4,EHand::RIGHT,30.0,-0.0,-0.0
4,EHand::RIGHT,30.0,-0.0,-0.0
4,EHand::RIGHT,30.0,-0.0,-0.0
4,EHand::RIGHT,30.0,-0.0,-0.0
4,EHand::RIGHT,30.0,-0.0,-0.0
4,EHand::RIGHT,30.0,-0.0,-0.0
4,EHand::RIGHT,30.0,-0.0,-0.0
4,EHand::RIGHT,30.0,-0.0,-0.0
4,EHand::RIGHT,30.0,-0.0,-0.0
4,EHand::RIGHT,30.0,-0.0,-0.0
4,EHand::RIGHT,30.0,-0.0,-0.0
4,EHand::RIGHT,30.0,-0.0,-0.0
4,EHand::RIGHT,30.0,-0.0,-0.0
4,EHand::RIGHT,30.0,-0.0,-0.0
4,EHand::RIGHT,30.0,-0.0,-0.0
4,EHand::RIGHT,30.0,-0.0,-0.0
4,EHand::RIGHT,30.0,-0.0,-0.0
4,EHand::RIGHT,30.0,-0.0,-0.0
4,EHand::RIGHT,30.0,-0.0,-0.0
4,EHand::RIGHT,30.0,-0.0,-0.0
4,EHand::RIGHT,30.0,-0.0,-0.0
4,EHand::RIGHT,30.0,-0.0,-0.0
4,EHand::RIGHT,30.0,-0.0,-0.0
4,EHand::RIGHT,30.0,-0.0,-0.0
4,EHand::RIGHT,30.0,-0.0,-0.0
4,EHand::RIGHT,30.0,-0.0,-0.0
4,EHand::RIGHT,30.0,-0.0,-0.0
4,EHand::RIGHT,30.0,-0.0,-0.0
4,EHand::RIGHT,30.0,-0.0,-0.0
4,EHand::RIGHT,30.0,-0.0,-0.0
4,EHand::RIGHT,30.0,-0.0,-0.0
4,EHand::RIGHT,30.0,-0.0,-0.0
4,EHand::RIGHT,345.635292,-3.131328,102.055489
4,EHand::RIGHT,345.635475,-3.124299,102.058502
4,EHand::RIGHT,345.639759,-3.105946,102.063332
4,EHand::RIGHT,345.643116,-3.096282,102.065063
4,EHand::RIGHT,345.645515,-3.085892,102.067291
4,EHand::RIGHT,345.644806,-3.073415,102.071426
4,EHand::RIGHT,345.644283,-3.06104,102.07592
4,EHand::RIGHT,345.644455,-3.05068,102.080116
4,EHand::RIGHT,345.645203,-3.035397,102.087303
4,EHand::RIGHT,345.646103,-3.019994,102.096451
4,EHand::RIGHT,345.646255,-3.002867,102.10881
4,EHand::RIGHT,345.64436,-2.983476,102.124168
4,EHand::RIGHT,345.641758,-2.964973,102.138115
4,EHand::RIGHT,345.640148,-2.949658,102.147377
4,EHand::RIGHT,345.640884,-2.930403,102.154961
4,EHand::RIGHT,345.641403,-2.913369,102.159622
4,EHand::RIGHT,345.642178,-2.885156,102.164932
4,EHand::RIGHT,345.645008,-2.859547,102.169014
4,EHand::RIGHT,345.646362,-2.843162,102.168503
4,EHand::RIGHT,345.6497,-2.828465,102.163086
4,EHand::RIGHT,345.652496,-2.814056,102.156845
4,EHand::RIGHT,345.654137,-2.800408,102.15094
4,EHand::RIGHT,345.656635,-2.784953,102.144196
4,EHand::RIGHT,345.65979,-2.766547,102.135063
4,EHand::RIGHT,345.660992,-2.748143,102.127197
4,EHand::RIGHT,345.659748,-2.723598,102.118645
4,EHand::RIGHT,345.659912,-2.709308,102.113937
4,EHand::RIGHT,345.661098,-2.700552,102.111176
4,EHand::RIGHT,345.663548,-2.684928,102.105865
4,EHand::RIGHT,345.666878,-2.673212,102.102066
4,EHand::RIGHT,345.667683,-2.664201,102.100769
4,EHand::RIGHT,345.670803,-2.628028,102.095985
4,EHand::RIGHT,345.668621,-2.619489,102.096573
4,EHand::RIGHT,345.674587,-2.611982,102.09317
4,EHand::RIGHT,345.680164,-2.610087,102.089119
4,EHand::RIGHT,345.674347,-2.607108,102.094284
4,EHand::RIGHT,345.659695,-2.608063,102.107933
4,EHand::RIGHT,345.662064,-2.608331,102.105751
4,EHand::RIGHT,345.672081,-2.592216,102.103027
4,EHand::RIGHT,345.677635,-2.572501,102.103706
4,EHand::RIGHT,345.682083,-2.556571,102.110909
4,EHand::RIGHT,345.677792,-2.551144,102.123322
4,EHand::RIGHT,345.688389,-2.553026,102.1166
4,EHand::RIGHT,345.693165,-2.547862,102.11377
4,EHand::RIGHT,345.701832,-2.538044,102.111351
4,EHand::RIGHT,345.71011,-2.519993,102.111908
4,EHand::RIGHT,345.714993,-2.507177,102.111282
4,EHand::RIGHT,345.721493,-2.496941,102.10836
4,EHand::RIGHT,345.727619,-2.486515,102.10218
4,EHand::RIGHT,345.731758,-2.481619,102.094116
4,EHand::RIGHT,345.736614,-2.480328,102.077362
4,EHand::RIGHT,345.734734,-2.479812,102.06797
4,EHand::RIGHT,345.732914,-2.481626,102.05748
4,EHand::RIGHT,345.737946,-2.489862,102.03936
4,EHand::RIGHT,345.741795,-2.504482,102.017578
4,EHand::RIGHT,345.744747,-2.529883,101.982162
4,EHand::RIGHT,345.737156,-2.536122,101.974915
4,EHand::RIGHT,345.700623,-2.531095,101.999542
4,EHand::RIGHT,345.672146,-2.50832,102.025642
4,EHand::RIGHT,345.660984,-2.480475,102.037857
4,EHand::RIGHT,345.668976,-2.464136,102.024567
4,EHand::RIGHT,345.693928,-2.489566,101.989471
4,EHand::RIGHT,345.71384,-2.529272,101.956352
4,EHand::RIGHT,345.722916,-2.574299,101.921967
4,EHand::RIGHT,345.735085,-2.574944,101.891068
4,EHand::RIGHT,345.722244,-2.506521,101.916313
4,EHand::RIGHT,345.717197,-2.468752,101.940964
4,EHand::RIGHT,345.716564,-2.455412,101.949394
4,EHand::RIGHT,345.716866,-2.432332,101.952484
4,EHand::RIGHT,345.721813,-2.411733,101.947975
4,EHand::RIGHT,345.728203,-2.394441,101.945137
4,EHand::RIGHT,345.726608,-2.386101,101.951157
4,EHand::RIGHT,345.727341,-2.379638,101.963959
4,EHand::RIGHT,345.733219,-2.372425,101.972412
4,EHand::RIGHT,345.735847,-2.366005,101.97847
4,EHand::RIGHT,345.738972,-2.35723,101.980721
4,EHand::RIGHT,345.748074,-2.345689,101.974663
4,EHand::RIGHT,345.759888,-2.331423,101.963829
4,EHand::RIGHT,345.77425,-2.319748,101.944183
4,EHand::RIGHT,345.794167,-2.298393,101.915001
4,EHand::RIGHT,345.806454,-2.268054,101.89196
4,EHand::RIGHT,345.808678,-2.245043,101.883102
4,EHand::RIGHT,345.810684,-2.215356,101.873741
4,EHand::RIGHT,345.807968,-2.192786,101.861107
4,EHand::RIGHT,345.810963,-2.181086,101.847145
4,EHand::RIGHT,345.816082,-2.172496,101.829956
4,EHand::RIGHT,345.817013,-2.170549,101.824043
4,EHand::RIGHT,345.817169,-2.160336,101.809242
4,EHand::RIGHT,345.819176,-2.150327,101.793495
4,EHand::RIGHT,345.82341,-2.14079,101.776505
4,EHand::RIGHT,345.829754,-2.133185,101.760445
4,EHand::RIGHT,345.836819,-2.124201,101.737938
4,EHand::RIGHT,345.837898,-2.119298,101.72702
4,EHand::RIGHT,345.842258,-2.1051,101.704201
4,EHand::RIGHT,345.845623,-2.0938,101.691498
4,EHand::RIGHT,345.846031,-2.081435,101.678833
4,EHand::RIGHT,345.845306,-2.072758,101.666901
4,EHand::RIGHT,345.844616,-2.065293,101.65197
4,EHand::RIGHT,345.844006,-2.059916,101.642128
4,EHand::RIGHT,345.840504,-2.050505,101.633324
4,EHand::RIGHT,345.832401,-2.038386,101.629868
4,EHand::RIGHT,345.825596,-2.021191,101.62513
4,EHand::RIGHT,345.823692,-2.015098,101.618179
4,EHand::RIGHT,345.828556,-2.015351,101.596924
4,EHand::RIGHT,345.83437,-2.021681,101.579834
4,EHand::RIGHT,345.838261,-2.018668,101.572815
4,EHand::RIGHT,345.846348,-1.997883,101.561714
4,EHand::RIGHT,345.853119,-1.978858,101.551674
4,EHand::RIGHT,345.852642,-1.973531,101.546753
4,EHand::RIGHT,345.848289,-1.972071,101.540207
4,EHand::RIGHT,345.839893,-1.975363,101.531197
4,EHand::RIGHT,345.839439,-1.979714,101.519623
4,EHand::RIGHT,345.842453,-1.981212,101.509964
4,EHand::RIGHT,345.841839,-1.980046,101.502739
4,EHand::RIGHT,345.840637,-1.974,101.491035
4,EHand::RIGHT,345.840019,-1.964026,101.474968
4,EHand::RIGHT,345.835869,-1.958125,101.465263
4,EHand::RIGHT,345.831009,-1.953907,101.45639
4,EHand::RIGHT,345.827812,-1.952015,101.447021
4,EHand::RIGHT,345.829872,-1.95147,101.438293
4,EHand::RIGHT,345.833221,-1.950763,101.429688
4,EHand::RIGHT,345.835941,-1.950281,101.41687
4,EHand::RIGHT,345.836498,-1.949925,101.406166
4,EHand::RIGHT,345.839882,-1.946839,101.390221
4,EHand::RIGHT,345.846359,-1.942959,101.372543
4,EHand::RIGHT,345.856075,-1.939851,101.354469
4,EHand::RIGHT,345.863445,-1.939541,101.340553
4,EHand::RIGHT,345.870178,-1.940596,101.325439
4,EHand::RIGHT,345.882687,-1.942667,101.306343
4,EHand::RIGHT,345.89518,-1.943927,101.291466
4,EHand::RIGHT,345.910702,-1.943365,101.272842
4,EHand::RIGHT,345.923836,-1.940711,101.26165
4,EHand::RIGHT,345.941608,-1.934739,101.248398
4,EHand::RIGHT,345.957024,-1.928762,101.23761
4,EHand::RIGHT,345.973526,-1.923564,101.228859
4,EHand::RIGHT,345.989208,-1.92016,101.220894
4,EHand::RIGHT,346.001965,-1.919288,101.209488
4,EHand::RIGHT,346.011341,-1.920241,101.199295
4,EHand::RIGHT,346.021187,-1.917598,101.187752
4,EHand::RIGHT,346.028198,-1.912122,101.178909
4,EHand::RIGHT,346.039047,-1.903492,101.165092
4,EHand::RIGHT,346.053879,-1.891021,101.144836
4,EHand::RIGHT,346.060623,-1.885113,101.135078
4,EHand::RIGHT,346.069805,-1.875441,101.119492
4,EHand::RIGHT,346.073658,-1.869067,101.106117
4,EHand::RIGHT,346.072556,-1.864009,101.08503
4,EHand::RIGHT,346.071815,-1.862671,101.067375
4,EHand::RIGHT,346.06778,-1.862706,101.053329
4,EHand::RIGHT,346.059341,-1.860961,101.043953
4,EHand::RIGHT,346.057289,-1.852405,101.036285
4,EHand::RIGHT,346.05851,-1.837045,101.025841
4,EHand::RIGHT,346.058392,-1.819805,101.014076
4,EHand::RIGHT,346.061947,-1.805323,101.002434
4,EHand::RIGHT,346.070335,-1.785761,100.985504
4,EHand::RIGHT,346.080666,-1.760842,100.962379
4,EHand::RIGHT,346.089821,-1.740904,100.948647
4,EHand::RIGHT,346.094509,-1.725769,100.944534
4,EHand::RIGHT,346.10371,-1.687587,100.931702
4,EHand::RIGHT,346.115665,-1.654563,100.921928
4,EHand::RIGHT,346.125683,-1.627507,100.914383
4,EHand::RIGHT,346.141262,-1.593083,100.90448
4,EHand::RIGHT,346.157276,-1.563901,100.897026
4,EHand::RIGHT,346.17038,-1.53214,100.89241
4,EHand::RIGHT,346.18478,-1.50856,100.888107
4,EHand::RIGHT,346.208294,-1.463527,100.884415
4,EHand::RIGHT,346.217419,-1.430787,100.888824
4,EHand::RIGHT,346.224632,-1.40001,100.895187
4,EHand::RIGHT,346.231739,-1.355108,100.908127
4,EHand::RIGHT,346.233158,-1.338264,100.914261
4,EHand::RIGHT,346.23703,-1.300332,100.927689
4,EHand::RIGHT,346.240532,-1.270316,100.937553
4,EHand::RIGHT,346.241806,-1.248588,100.943016
4,EHand::RIGHT,346.243065,-1.229717,100.946533
4,EHand::RIGHT,346.246426,-1.198489,100.951561
4,EHand::RIGHT,346.254105,-1.169673,100.953224
4,EHand::RIGHT,346.262573,-1.139745,100.953064
4,EHand::RIGHT,346.268826,-1.113709,100.952705
4,EHand::RIGHT,346.272842,-1.083142,100.953735
4,EHand::RIGHT,346.273899,-1.063734,100.953575
4,EHand::RIGHT,346.274929,-1.049857,100.950478
4,EHand::RIGHT,346.278675,-1.031497,100.942589
4,EHand::RIGHT,346.282986,-1.015536,100.93409
4,EHand::RIGHT,346.285374,-1.000881,100.927269
4,EHand::RIGHT,346.286671,-0.975927,100.917221
4,EHand::RIGHT,346.287216,-0.950538,100.906387
4,EHand::RIGHT,346.290333,-0.93317,100.895294
4,EHand::RIGHT,346.297165,-0.919923,100.881645
4,EHand::RIGHT,346.305019,-0.90743,100.864326
4,EHand::RIGHT,346.31189,-0.897359,100.851227
4,EHand::RIGHT,346.318069,-0.888286,100.842621
4,EHand::RIGHT,346.326088,-0.871016,100.83213
4,EHand::RIGHT,346.337017,-0.849173,100.823738
4,EHand::RIGHT,346.35276,-0.828065,100.817917
4,EHand::RIGHT,346.365078,-0.815584,100.817146
4,EHand::RIGHT,346.383179,-0.802132,100.820412
4,EHand::RIGHT,346.402584,-0.788021,100.836266
4,EHand::RIGHT,346.413792,-0.772297,100.860687
4,EHand::RIGHT,346.434025,-0.733455,100.920639
4,EHand::RIGHT,346.448982,-0.69505,100.984344
4,EHand::RIGHT,346.461235,-0.654415,101.064369
4,EHand::RIGHT,346.474083,-0.61768,101.154709
4,EHand::RIGHT,346.485062,-0.585306,101.255669
4,EHand::RIGHT,346.494122,-0.562146,101.400467
4,EHand::RIGHT,346.490566,-0.553319,101.570366
4,EHand::RIGHT,346.475372,-0.551082,101.799072
4,EHand::RIGHT,346.472782,-0.552353,101.949295
4,EHand::RIGHT,346.488667,-0.549899,102.036797
4,EHand::RIGHT,346.503345,-0.5405,102.078697
4,EHand::RIGHT,346.528404,-0.515349,102.0802
4,EHand::RIGHT,346.551205,-0.50192,102.015518
4,EHand::RIGHT,346.56757,-0.487935,102.014908
4,EHand::RIGHT,346.591705,-0.442554,102.126099
4,EHand::RIGHT,346.615311,-0.401712,102.216446
4,EHand::RIGHT,346.640438,-0.38713,102.263626
4,EHand::RIGHT,346.651043,-0.388163,102.28022
4,EHand::RIGHT,346.670292,-0.382544,102.327286
4,EHand::RIGHT,346.697418,-0.372054,102.40033
4,EHand::RIGHT,346.732788,-0.359957,102.503273
4,EHand::RIGHT,346.761616,-0.356596,102.582848
4,EHand::RIGHT,346.790199,-0.362322,102.660248
4,EHand::RIGHT,346.818047,-0.374215,102.730835
4,EHand::RIGHT,346.850319,-0.390756,102.820412
4,EHand::RIGHT,346.898117,-0.413222,102.929436
4,EHand::RIGHT,346.959984,-0.444247,103.049995
4,EHand::RIGHT,346.993958,-0.460104,103.125801
4,EHand::RIGHT,347.007721,-0.469389,103.186798
4,EHand::RIGHT,347.039963,-0.484358,103.290352
4,EHand::RIGHT,347.071392,-0.504901,103.408714
4,EHand::RIGHT,347.088932,-0.531343,103.514122
4,EHand::RIGHT,347.108509,-0.560923,103.627441
4,EHand::RIGHT,347.125931,-0.593538,103.772202
4,EHand::RIGHT,347.14061,-0.630156,103.995682
4,EHand::RIGHT,347.148396,-0.644913,104.133865
4,EHand::RIGHT,347.158199,-0.675053,104.379021
4,EHand::RIGHT,347.164898,-0.704716,104.563782
4,EHand::RIGHT,347.172684,-0.728067,104.722847
4,EHand::RIGHT,347.181274,-0.745534,104.92067
4,EHand::RIGHT,347.196621,-0.74116,105.004036
4,EHand::RIGHT,347.218575,-0.735981,105.232346
4,EHand::RIGHT,347.230209,-0.727328,105.445564
4,EHand::RIGHT,347.242184,-0.713623,105.6409
4,EHand::RIGHT,347.253208,-0.698529,105.919731
4,EHand::RIGHT,347.264107,-0.683618,106.193565
4,EHand::RIGHT,347.282478,-0.671852,106.393646
4,EHand::RIGHT,347.300278,-0.665332,106.449211
4,EHand::RIGHT,347.320374,-0.647605,106.681946
4,EHand::RIGHT,347.334091,-0.613244,107.012222
4,EHand::RIGHT,347.342571,-0.579482,107.287231
4,EHand::RIGHT,347.349926,-0.524712,107.738045
4,EHand::RIGHT,347.361134,-0.461209,108.164932
4,EHand::RIGHT,347.368668,-0.407099,108.483673
4,EHand::RIGHT,347.374794,-0.329941,108.888962
4,EHand::RIGHT,347.371452,-0.237377,109.381935
4,EHand::RIGHT,347.368584,-0.149118,109.824112
4,EHand::RIGHT,347.38176,-0.101985,110.093842
4,EHand::RIGHT,347.394772,-0.052332,110.433243
4,EHand::RIGHT,347.381535,0.019284,110.893951
4,EHand::RIGHT,347.356098,0.104187,111.286041
4,EHand::RIGHT,347.337173,0.201467,111.688217
4,EHand::RIGHT,347.322201,0.285901,112.094475
4,EHand::RIGHT,347.322662,0.351541,112.490974
4,EHand::RIGHT,347.334927,0.42013,112.882492
4,EHand::RIGHT,347.327049,0.521406,113.314865
4,EHand::RIGHT,347.31068,0.626521,113.75103
4,EHand::RIGHT,347.309349,0.726605,114.193596
4,EHand::RIGHT,347.318878,0.813135,114.645454
4,EHand::RIGHT,347.307552,0.898575,115.109001
4,EHand::RIGHT,347.269958,1.012338,115.617287
4,EHand::RIGHT,347.223549,1.150886,116.160866
4,EHand::RIGHT,347.207367,1.270686,116.676666
4,EHand::RIGHT,347.210632,1.369301,117.183098
4,EHand::RIGHT,347.213577,1.468652,117.724838
4,EHand::RIGHT,347.207458,1.578399,118.30484
4,EHand::RIGHT,347.187981,1.690933,118.905724
4,EHand::RIGHT,347.218727,1.781052,119.507942
4,EHand::RIGHT,347.243576,1.853261,120.147202
4,EHand::RIGHT,347.241051,1.927827,120.781662
4,EHand::RIGHT,347.243187,2.002685,121.452263
4,EHand::RIGHT,347.245953,2.083827,122.146271
4,EHand::RIGHT,347.239937,2.160658,122.855583
4,EHand::RIGHT,347.235317,2.237162,123.566566
4,EHand::RIGHT,347.23777,2.305965,124.269783
4,EHand::RIGHT,347.267277,2.343498,124.985992
4,EHand::RIGHT,347.311802,2.39335,125.695892
4,EHand::RIGHT,347.358505,2.447312,126.444878
4,EHand::RIGHT,347.395279,2.490175,127.192497
4,EHand::RIGHT,347.420361,2.504798,128.015778
4,EHand::RIGHT,347.455765,2.602611,129.502686
4,EHand::RIGHT,347.491539,2.644533,130.247986
4,EHand::RIGHT,347.514465,2.676798,130.993561
4,EHand::RIGHT,347.514423,2.690556,131.748062
4,EHand::RIGHT,347.500652,2.699293,132.504639
4,EHand::RIGHT,347.494358,2.713815,133.246536
4,EHand::RIGHT,347.502724,2.758199,133.975784
4,EHand::RIGHT,347.493916,2.793635,134.702179
4,EHand::RIGHT,347.460453,2.80529,135.431549
4,EHand::RIGHT,347.400215,2.798181,136.160278
4,EHand::RIGHT,347.32962,2.799333,136.882523
4,EHand::RIGHT,347.245293,2.823371,137.602921
4,EHand::RIGHT,347.166615,2.844904,138.294724
4,EHand::RIGHT,347.102821,2.882067,138.960434
4,EHand::RIGHT,347.045101,2.933878,139.622559
4,EHand::RIGHT,346.971149,2.98781,140.28891
4,EHand::RIGHT,346.869717,3.027609,140.961319
4,EHand::RIGHT,346.778133,3.055977,141.633362
4,EHand::RIGHT,346.709381,3.104816,142.272598
4,EHand::RIGHT,346.65834,3.145092,142.894913
4,EHand::RIGHT,346.609478,3.171604,143.495392
4,EHand::RIGHT,346.554276,3.206587,144.077087
4,EHand::RIGHT,346.507557,3.231771,144.661026
4,EHand::RIGHT,346.466129,3.27114,145.243332
4,EHand::RIGHT,346.452446,3.339366,145.806381
4,EHand::RIGHT,346.453064,3.430007,146.34938
4,EHand::RIGHT,346.44162,3.526847,146.877258
4,EHand::RIGHT,346.407158,3.585324,147.401779
4,EHand::RIGHT,346.347134,3.605571,147.902405
4,EHand::RIGHT,346.265774,3.634693,148.383316
4,EHand::RIGHT,346.153595,3.665462,148.818756
4,EHand::RIGHT,346.035069,3.680609,149.215012
4,EHand::RIGHT,345.969604,3.645901,149.612457
4,EHand::RIGHT,345.924988,3.586153,150.043045
4,EHand::RIGHT,345.853439,3.478981,150.456512
4,EHand::RIGHT,345.759937,3.330804,150.872787
4,EHand::RIGHT,345.652679,3.150967,151.271942
4,EHand::RIGHT,345.553982,2.990356,151.671661
4,EHand::RIGHT,345.473297,2.87411,152.086716
4,EHand::RIGHT,345.408485,2.801544,152.481979
4,EHand::RIGHT,345.342018,2.734899,152.879791
4,EHand::RIGHT,345.248482,2.683928,153.252182
4,EHand::RIGHT,345.123055,2.628134,153.59491
4,EHand::RIGHT,344.997665,2.555088,153.929565
4,EHand::RIGHT,344.846268,2.479838,154.233093
4,EHand::RIGHT,344.682442,2.3942,154.52562
4,EHand::RIGHT,344.503143,2.260163,154.723801
4,EHand::RIGHT,344.382217,2.144824,154.896637
4,EHand::RIGHT,344.265957,2.089063,155.045944
4,EHand::RIGHT,344.137718,2.076688,155.207397
4,EHand::RIGHT,344.032265,2.076673,155.383163
4,EHand::RIGHT,343.895882,2.095737,155.585342
4,EHand::RIGHT,343.761639,2.133948,155.795395
4,EHand::RIGHT,343.644459,2.149028,155.997482
4,EHand::RIGHT,343.522243,2.1235,156.211548
4,EHand::RIGHT,343.401276,2.042834,156.431732
4,EHand::RIGHT,343.278191,1.9488,156.670227
4,EHand::RIGHT,343.12846,1.849271,156.916992
4,EHand::RIGHT,342.951797,1.752518,157.154083
4,EHand::RIGHT,342.799809,1.669756,157.358276
4,EHand::RIGHT,342.676796,1.568438,157.5103
4,EHand::RIGHT,342.560925,1.48679,157.648392
4,EHand::RIGHT,342.42654,1.428605,157.766235
4,EHand::RIGHT,342.286186,1.36695,157.812714
4,EHand::RIGHT,342.197277,1.334595,157.783585
4,EHand::RIGHT,342.242393,1.295093,157.690781
4,EHand::RIGHT,342.392017,1.243381,157.57196
4,EHand::RIGHT,342.552471,1.205266,157.470245
4,EHand::RIGHT,342.742916,1.3359,157.346542
4,EHand::RIGHT,342.79129,1.386954,157.315704
4,EHand::RIGHT,342.850876,1.373727,157.257019
4,EHand::RIGHT,342.860104,1.356441,157.211075
4,EHand::RIGHT,342.866398,1.316705,157.171326
4,EHand::RIGHT,342.928841,1.199435,157.00267
4,EHand::RIGHT,342.969032,1.172355,156.949127
4,EHand::RIGHT,343.002327,1.154269,156.884857
4,EHand::RIGHT,343.021862,1.152175,156.837738
4,EHand::RIGHT,343.043358,1.16705,156.80011
4,EHand::RIGHT,343.101421,1.164784,156.703506
4,EHand::RIGHT,343.110863,1.163072,156.701447
4,EHand::RIGHT,343.115444,1.161883,156.70192
4,EHand::RIGHT,343.122257,1.170099,156.678528
4,EHand::RIGHT,343.139423,1.195704,156.609848
4,EHand::RIGHT,343.15802,1.223144,156.533707
4,EHand::RIGHT,343.15852,1.246452,156.447617
4,EHand::RIGHT,343.162773,1.266184,156.403061
4,EHand::RIGHT,343.12915,1.304775,156.427063
4,EHand::RIGHT,343.051208,1.363162,156.465393
4,EHand::RIGHT,343.010452,1.386664,156.482529
4,EHand::RIGHT,343.02763,1.338765,156.510895
4,EHand::RIGHT,343.042175,1.305734,156.537186
4,EHand::RIGHT,343.03949,1.301987,156.55127
4,EHand::RIGHT,343.01445,1.316232,156.563934
4,EHand::RIGHT,342.98399,1.329107,156.576111
4,EHand::RIGHT,342.96624,1.324919,156.581894
4,EHand::RIGHT,342.923714,1.315498,156.585693
4,EHand::RIGHT,342.856033,1.294914,156.596848
4,EHand::RIGHT,342.806061,1.278967,156.615952
4,EHand::RIGHT,342.763092,1.28704,156.641754
4,EHand::RIGHT,342.733582,1.302042,156.661301
4,EHand::RIGHT,342.687572,1.321661,156.684509
4,EHand::RIGHT,342.629303,1.339409,156.708466
4,EHand::RIGHT,342.593178,1.351159,156.731949
4,EHand::RIGHT,342.524605,1.383527,156.774765
4,EHand::RIGHT,342.509529,1.397782,156.783508
4,EHand::RIGHT,342.484802,1.415379,156.788361
4,EHand::RIGHT,342.449062,1.446997,156.781952
4,EHand::RIGHT,342.435211,1.477675,156.757034
4,EHand::RIGHT,342.438934,1.504497,156.72699
4,EHand::RIGHT,342.447365,1.529656,156.684845
4,EHand::RIGHT,342.458714,1.54095,156.645004
4,EHand::RIGHT,342.467701,1.551671,156.598587
4,EHand::RIGHT,342.480797,1.566125,156.577545
4,EHand::RIGHT,342.495358,1.579987,156.574463
4,EHand::RIGHT,342.501457,1.58867,156.572876
4,EHand::RIGHT,342.509968,1.615287,156.549301
4,EHand::RIGHT,342.505035,1.636287,156.535904
4,EHand::RIGHT,342.492424,1.651511,156.52066
4,EHand::RIGHT,342.479778,1.669942,156.494705
4,EHand::RIGHT,342.47303,1.680851,156.467331
4,EHand::RIGHT,342.480503,1.686049,156.45929
4,EHand::RIGHT,342.484112,1.700306,156.445694
4,EHand::RIGHT,342.486752,1.733736,156.423828
4,EHand::RIGHT,342.478607,1.737409,156.423157
4,EHand::RIGHT,342.462944,1.75686,156.410782
4,EHand::RIGHT,342.432987,1.782471,156.395233
4,EHand::RIGHT,342.424221,1.794607,156.39006
4,EHand::RIGHT,342.417416,1.806405,156.385071
4,EHand::RIGHT,342.408646,1.81818,156.380341
4,EHand::RIGHT,342.391502,1.841968,156.374008
4,EHand::RIGHT,342.375542,1.867098,156.360962
4,EHand::RIGHT,342.362766,1.904378,156.330292
4,EHand::RIGHT,342.359238,1.95379,156.263489
4,EHand::RIGHT,342.367737,1.987136,156.196457
4,EHand::RIGHT,342.382458,2.004825,156.13739
4,EHand::RIGHT,342.389595,2.023437,156.059906
4,EHand::RIGHT,342.384285,2.03955,155.980026
4,EHand::RIGHT,342.36911,2.056872,155.858002
4,EHand::RIGHT,342.346542,2.089983,155.679123
4,EHand::RIGHT,342.351208,2.115903,155.526733
4,EHand::RIGHT,342.360909,2.147832,155.353363
4,EHand::RIGHT,342.355202,2.166491,155.17749
4,EHand::RIGHT,342.338337,2.186115,154.908752
4,EHand::RIGHT,342.353931,2.17668,154.680801
4,EHand::RIGHT,342.389061,2.155047,154.348114
4,EHand::RIGHT,342.425442,2.137544,154.105728
4,EHand::RIGHT,342.455177,2.128101,153.853638
4,EHand::RIGHT,342.489056,2.11528,153.107727
4,EHand::RIGHT,342.520222,2.085977,152.533554
4,EHand::RIGHT,342.565399,2.056917,152.011566
4,EHand::RIGHT,342.639214,2.016046,151.489227
4,EHand::RIGHT,342.722862,1.961879,150.953369
4,EHand::RIGHT,342.766167,1.911892,150.311737
4,EHand::RIGHT,342.850342,1.871576,149.726425
4,EHand::RIGHT,342.949947,1.879521,149.082031
4,EHand::RIGHT,343.023849,1.914033,148.431778
4,EHand::RIGHT,343.140522,1.93066,147.778961
4,EHand::RIGHT,343.221706,1.942773,147.106812
4,EHand::RIGHT,343.412086,1.932561,146.407623
4,EHand::RIGHT,343.654552,1.950304,145.697647
4,EHand::RIGHT,343.934769,1.984974,144.968857
4,EHand::RIGHT,344.09581,2.01612,144.282333
4,EHand::RIGHT,344.183929,2.011749,143.60965
4,EHand::RIGHT,344.268562,1.983368,142.933395
4,EHand::RIGHT,344.340683,1.951085,142.238419
4,EHand::RIGHT,344.434914,1.923625,141.503571
4,EHand::RIGHT,344.592293,1.954974,140.787262
4,EHand::RIGHT,344.64608,2.014213,140.11795
4,EHand::RIGHT,344.502369,2.083122,139.450592
4,EHand::RIGHT,344.252407,2.034501,138.70108
4,EHand::RIGHT,344.056576,1.782732,137.929993
4,EHand::RIGHT,343.887188,1.657366,137.275391
4,EHand::RIGHT,343.701763,1.537581,136.43988
4,EHand::RIGHT,343.711155,1.424037,135.635239
4,EHand::RIGHT,343.704914,1.422708,134.795349
4,EHand::RIGHT,343.715199,1.481304,133.957153
4,EHand::RIGHT,343.850163,1.515706,133.031433
4,EHand::RIGHT,343.996059,1.520227,132.054001
4,EHand::RIGHT,344.194466,1.610604,131.029373
4,EHand::RIGHT,344.420292,1.760001,129.976547
4,EHand::RIGHT,344.592491,1.854487,128.90094
4,EHand::RIGHT,344.76123,1.824545,127.831291
4,EHand::RIGHT,344.939793,1.731362,126.696609
4,EHand::RIGHT,345.093761,1.689681,125.597832
4,EHand::RIGHT,345.237862,1.743057,124.496933
4,EHand::RIGHT,345.367775,1.7684,123.356583
4,EHand::RIGHT,345.456879,1.784375,122.192871
4,EHand::RIGHT,345.468903,1.689328,120.977638
4,EHand::RIGHT,345.468479,1.648848,119.78009
4,EHand::RIGHT,345.439079,1.593353,118.495514
4,EHand::RIGHT,345.455326,1.513712,117.176331
4,EHand::RIGHT,345.342571,1.439991,115.81395
4,EHand::RIGHT,345.096577,1.370568,114.359222
4,EHand::RIGHT,345.050556,1.305164,112.846794
4,EHand::RIGHT,345.256226,1.306567,111.411224
4,EHand::RIGHT,345.555271,1.359856,110.022285
4,EHand::RIGHT,345.884491,1.507054,108.672142
4,EHand::RIGHT,345.997925,1.726971,107.362495
4,EHand::RIGHT,345.927765,2.030063,106.055153
4,EHand::RIGHT,345.854836,2.302885,104.773773
4,EHand::RIGHT,345.873344,2.506358,103.530228
4,EHand::RIGHT,345.988419,2.652607,102.374947
4,EHand::RIGHT,346.200085,2.801167,101.225067
4,EHand::RIGHT,346.405243,2.977509,100.078857
4,EHand::RIGHT,346.423294,3.120552,98.915306
4,EHand::RIGHT,346.289772,3.223726,97.793945
4,EHand::RIGHT,346.220314,3.305577,96.694351
4,EHand::RIGHT,346.326084,3.375795,95.591393
4,EHand::RIGHT,346.561424,3.446806,94.510765
4,EHand::RIGHT,346.656712,3.517287,93.41465
4,EHand::RIGHT,346.705151,3.549607,92.322151
4,EHand::RIGHT,346.615978,3.597366,91.264771
4,EHand::RIGHT,346.325233,3.700709,90.274017
4,EHand::RIGHT,346.021938,3.809024,89.316818
4,EHand::RIGHT,345.889408,3.834336,88.344696
4,EHand::RIGHT,346.063671,3.862235,87.367027
4,EHand::RIGHT,346.086281,3.900414,86.39637
4,EHand::RIGHT,345.940475,3.884257,85.444069
4,EHand::RIGHT,345.773094,3.819191,84.483124
4,EHand::RIGHT,345.536594,3.7207,83.515915
4,EHand::RIGHT,345.328796,3.598797,82.520203
4,EHand::RIGHT,345.430084,3.541874,81.475769
4,EHand::RIGHT,345.471626,3.552258,80.438927
4,EHand::RIGHT,345.659832,3.606378,79.145798
4,EHand::RIGHT,345.551163,3.597445,76.954132
4,EHand::RIGHT,345.372707,3.584567,75.882294
4,EHand::RIGHT,345.193401,3.539418,74.77623
4,EHand::RIGHT,345.057114,3.428829,73.588966
4,EHand::RIGHT,344.961132,3.263216,72.337196
4,EHand::RIGHT,344.798298,3.071816,71.095192
4,EHand::RIGHT,344.504383,2.914971,69.901993
4,EHand::RIGHT,344.093342,2.772884,68.758194
4,EHand::RIGHT,343.681416,2.613898,67.59375
4,EHand::RIGHT,343.313725,2.431178,66.39904
4,EHand::RIGHT,342.9249,2.232753,65.191742
4,EHand::RIGHT,342.556709,2.009445,64.000618
4,EHand::RIGHT,342.108952,1.703824,62.846958
4,EHand::RIGHT,341.499294,1.331482,61.725128
4,EHand::RIGHT,340.807785,1.014025,60.613781
4,EHand::RIGHT,340.134697,0.814192,59.503017
4,EHand::RIGHT,339.400036,0.705033,58.371395
4,EHand::RIGHT,338.63644,0.734047,57.210815
4,EHand::RIGHT,337.835098,0.939665,56.073864
4,EHand::RIGHT,337.053036,1.246916,54.922306
4,EHand::RIGHT,336.257011,1.538708,53.602444
4,EHand::RIGHT,335.487087,1.78573,52.202404
4,EHand::RIGHT,334.758671,2.137758,50.834774
4,EHand::RIGHT,334.058411,2.532979,49.618999
4,EHand::RIGHT,333.619534,2.824504,48.772789
4,EHand::RIGHT,333.476074,2.813994,48.273884
4,EHand::RIGHT,333.747452,2.521422,48.398228
4,EHand::RIGHT,334.107445,2.173757,48.838745
4,EHand::RIGHT,334.938465,1.736097,50.051762
4,EHand::RIGHT,335.800861,1.488063,51.458878
4,EHand::RIGHT,336.415459,1.455389,52.621304
4,EHand::RIGHT,336.879566,1.534767,53.497051
4,EHand::RIGHT,337.310631,1.765361,54.305088
4,EHand::RIGHT,337.543251,1.901422,54.870243
4,EHand::RIGHT,337.696568,1.932197,55.19672
4,EHand::RIGHT,337.738758,1.92681,55.312737
4,EHand::RIGHT,337.688114,1.954034,55.210827
4,EHand::RIGHT,337.509281,1.98514,54.844292
4,EHand::RIGHT,337.368855,1.988505,54.484837
4,EHand::RIGHT,337.151817,1.930888,54.063652
4,EHand::RIGHT,336.949345,1.870485,53.518612
4,EHand::RIGHT,336.671658,1.791389,53.007923
4,EHand::RIGHT,336.394367,1.76261,52.535904
4,EHand::RIGHT,336.199207,1.780525,52.16856
4,EHand::RIGHT,336.089771,1.810992,51.912613
4,EHand::RIGHT,336.080811,1.878516,51.788364
4,EHand::RIGHT,336.104973,1.939586,51.801777
4,EHand::RIGHT,336.131596,1.982816,51.908089
4,EHand::RIGHT,336.308826,1.967953,52.308315
4,EHand::RIGHT,336.385887,1.952988,52.437359
4,EHand::RIGHT,336.428265,1.968579,52.511356
4,EHand::RIGHT,336.506275,1.998101,52.655674
4,EHand::RIGHT,336.588417,2.036768,52.795464
4,EHand::RIGHT,336.663277,2.090854,52.901787
4,EHand::RIGHT,336.698315,2.124464,52.942936
4,EHand::RIGHT,336.703224,2.125823,52.93964
4,EHand::RIGHT,336.692932,2.105703,52.8871
4,EHand::RIGHT,336.690331,2.096625,52.857662
4,EHand::RIGHT,336.694931,2.092637,52.844162
4,EHand::RIGHT,336.714378,2.082216,52.83099
4,EHand::RIGHT,336.716618,2.075728,52.817673
4,EHand::RIGHT,336.709061,2.063854,52.811096
4,EHand::RIGHT,336.68782,2.025401,52.805035
4,EHand::RIGHT,336.661682,1.951306,52.807224
4,EHand::RIGHT,336.647854,1.881098,52.819817
4,EHand::RIGHT,336.640556,1.854323,52.837109
4,EHand::RIGHT,336.645359,1.867252,52.837723
4,EHand::RIGHT,336.649124,1.887942,52.832516
4,EHand::RIGHT,336.645576,1.891864,52.830357
4,EHand::RIGHT,336.636009,1.884698,52.828186
4,EHand::RIGHT,336.621033,1.867958,52.822906
4,EHand::RIGHT,336.611767,1.847703,52.812298
4,EHand::RIGHT,336.612858,1.84228,52.800346
4,EHand::RIGHT,336.61515,1.84542,52.791428
4,EHand::RIGHT,336.62233,1.846002,52.770988
4,EHand::RIGHT,336.632206,1.845936,52.758755
4,EHand::RIGHT,336.644684,1.84528,52.754688
4,EHand::RIGHT,336.657139,1.849212,52.759373
4,EHand::RIGHT,336.676208,1.852259,52.773052
4,EHand::RIGHT,336.685055,1.856816,52.788971
4,EHand::RIGHT,336.689575,1.859533,52.794586
4,EHand::RIGHT,336.694168,1.861699,52.797115
4,EHand::RIGHT,336.706173,1.861555,52.803944
4,EHand::RIGHT,336.721344,1.865388,52.808891
4,EHand::RIGHT,336.723141,1.874229,52.812088
4,EHand::RIGHT,336.722923,1.89385,52.814472
4,EHand::RIGHT,336.718857,1.938978,52.810352
4,EHand::RIGHT,336.718948,1.974664,52.790565
4,EHand::RIGHT,336.716942,1.985173,52.772503
4,EHand::RIGHT,336.708935,1.988719,52.767498
4,EHand::RIGHT,336.707146,1.99605,52.770077
4,EHand::RIGHT,336.70731,2.013132,52.785892
4,EHand::RIGHT,336.713409,2.039132,52.811611
4,EHand::RIGHT,336.731564,2.07924,52.870274
4,EHand::RIGHT,336.747311,2.1063,52.931755
4,EHand::RIGHT,336.752953,2.122025,52.971535
4,EHand::RIGHT,336.792465,2.227182,53.204216
4,EHand::RIGHT,336.885937,2.392802,53.519581
4,EHand::RIGHT,336.951874,2.486508,53.690701
4,EHand::RIGHT,337.035782,2.596429,53.908409
4,EHand::RIGHT,337.135239,2.700902,54.13205
4,EHand::RIGHT,337.242504,2.813766,54.366642
4,EHand::RIGHT,337.364017,2.962902,54.687946
4,EHand::RIGHT,337.497429,3.113021,55.059731
4,EHand::RIGHT,337.586529,3.167951,55.249142
4,EHand::RIGHT,337.671387,3.219757,55.45396
4,EHand::RIGHT,337.799023,3.292978,55.800037
4,EHand::RIGHT,338.055725,3.414388,56.344891
4,EHand::RIGHT,338.231922,3.564791,56.777233
4,EHand::RIGHT,338.474552,3.779869,57.366829
4,EHand::RIGHT,338.72831,3.962364,57.863533
4,EHand::RIGHT,339.004086,4.10374,58.390694
4,EHand::RIGHT,339.344906,4.2442,59.090729
4,EHand::RIGHT,339.663677,4.407187,59.861904
4,EHand::RIGHT,340.019951,4.605361,60.686146
4,EHand::RIGHT,340.615208,4.869722,61.837555
4,EHand::RIGHT,341.344025,5.206883,63.448845
4,EHand::RIGHT,341.773167,5.354593,64.582603
4,EHand::RIGHT,342.196918,5.44668,65.709641
4,EHand::RIGHT,342.608604,5.540569,66.811958
4,EHand::RIGHT,343.051659,5.649356,67.920715
4,EHand::RIGHT,343.528854,5.77278,69.059845
4,EHand::RIGHT,343.99754,5.892193,70.182487
4,EHand::RIGHT,344.450642,6.012006,71.309898
4,EHand::RIGHT,344.872242,6.140215,72.50148
4,EHand::RIGHT,345.243633,6.305891,73.760132
4,EHand::RIGHT,345.61816,6.487544,75.065971
4,EHand::RIGHT,346.023361,6.653462,76.413315
4,EHand::RIGHT,346.413559,6.786311,77.800987
4,EHand::RIGHT,346.748211,6.885119,79.260757
4,EHand::RIGHT,347.106709,6.970245,80.670929
4,EHand::RIGHT,347.48391,7.035585,82.113152
4,EHand::RIGHT,347.917904,7.084867,83.596786
4,EHand::RIGHT,348.410816,7.168993,85.006882
4,EHand::RIGHT,348.941471,7.246051,86.417633
4,EHand::RIGHT,349.548817,7.317346,87.788261
4,EHand::RIGHT,350.160389,7.442173,89.159103
4,EHand::RIGHT,350.912464,7.670411,90.55188
4,EHand::RIGHT,351.681953,8.138273,92.007866
4,EHand::RIGHT,352.339775,8.68369,93.552925
4,EHand::RIGHT,352.879288,9.232269,95.230141
4,EHand::RIGHT,353.140598,9.748185,97.080383
4,EHand::RIGHT,353.168011,10.109234,99.143806
4,EHand::RIGHT,352.991116,10.252238,101.238205
4,EHand::RIGHT,352.696526,10.204588,103.256081
4,EHand::RIGHT,352.383759,10.04848,105.063698
4,EHand::RIGHT,352.125572,9.938658,106.640182
4,EHand::RIGHT,351.722885,9.832304,107.768181
4,EHand::RIGHT,351.514645,9.849959,108.810463
4,EHand::RIGHT,351.348133,9.861478,109.40493
4,EHand::RIGHT,351.307404,9.862731,109.882065
4,EHand::RIGHT,351.373451,9.832025,110.158775
4,EHand::RIGHT,351.500504,9.75077,110.298157
4,EHand::RIGHT,351.618938,9.556499,110.374535
4,EHand::RIGHT,351.74855,9.296692,110.422302
4,EHand::RIGHT,351.896019,9.01779,110.444496
4,EHand::RIGHT,352.020847,8.784267,110.494659
4,EHand::RIGHT,352.137177,8.539859,110.397102
4,EHand::RIGHT,352.170826,8.368975,110.403801
4,EHand::RIGHT,352.173786,8.246186,110.35141
4,EHand::RIGHT,352.163227,8.2069,110.263695
4,EHand::RIGHT,352.181332,8.175653,110.252777
4,EHand::RIGHT,352.154495,8.205528,110.218361
4,EHand::RIGHT,352.090813,8.332186,110.082947
4,EHand::RIGHT,352.037567,8.337799,110.080612
4,EHand::RIGHT,351.990829,8.243505,110.181984
4,EHand::RIGHT,351.965576,8.14117,110.23526
4,EHand::RIGHT,351.938732,8.055487,110.220291
4,EHand::RIGHT,351.917614,8.004743,110.197601
4,EHand::RIGHT,351.914478,7.986007,110.139679
4,EHand::RIGHT,351.939457,8.042242,110.057297
4,EHand::RIGHT,351.960014,8.08219,110.000099
4,EHand::RIGHT,351.964333,8.062644,109.949646
4,EHand::RIGHT,351.993389,7.979197,109.840034
4,EHand::RIGHT,352.059589,7.903378,109.72776
4,EHand::RIGHT,352.161533,7.861593,109.609459
4,EHand::RIGHT,352.075058,7.912938,109.669098
4,EHand::RIGHT,352.060501,7.929316,109.697792
4,EHand::RIGHT,352.068855,7.87675,109.658348
4,EHand::RIGHT,352.069462,7.832787,109.62149
4,EHand::RIGHT,352.037395,7.826576,109.593071
4,EHand::RIGHT,352.021873,7.820279,109.552475
4,EHand::RIGHT,352.031853,7.825818,109.53804
4,EHand::RIGHT,352.060497,7.787433,109.446808
4,EHand::RIGHT,352.102119,7.724024,109.3321
4,EHand::RIGHT,352.107395,7.700485,109.278404
4,EHand::RIGHT,352.095612,7.710473,109.257103
4,EHand::RIGHT,352.082615,7.709053,109.223984
4,EHand::RIGHT,352.069916,7.679665,109.187149
4,EHand::RIGHT,352.054905,7.580338,109.125969
4,EHand::RIGHT,351.997841,7.418259,109.115067
4,EHand::RIGHT,351.896172,7.271117,109.173622
4,EHand::RIGHT,351.745934,7.171109,109.231224
4,EHand::RIGHT,351.502522,7.077519,109.283424
4,EHand::RIGHT,351.190872,6.966708,109.303986
4,EHand::RIGHT,351.142044,6.985795,109.265343
4,EHand::RIGHT,350.833736,6.852028,109.231148
4,EHand::RIGHT,350.346977,6.653641,109.184196
4,EHand::RIGHT,349.863808,6.523415,109.104004
4,EHand::RIGHT,349.42569,6.396493,109.006157
4,EHand::RIGHT,349.10611,6.319694,108.910011
4,EHand::RIGHT,348.56908,6.231896,108.751961
4,EHand::RIGHT,347.890507,6.173201,108.601364
4,EHand::RIGHT,347.201122,6.14239,108.443222
4,EHand::RIGHT,346.384884,6.151847,108.226311
4,EHand::RIGHT,345.57336,6.139034,107.932304
4,EHand::RIGHT,344.748478,6.077523,107.565163
4,EHand::RIGHT,343.927216,5.978722,107.156303
4,EHand::RIGHT,342.996704,5.857704,106.691635
4,EHand::RIGHT,342.071182,5.747401,106.231201
4,EHand::RIGHT,341.140205,5.684436,105.763008
4,EHand::RIGHT,340.325199,5.639168,105.294777
4,EHand::RIGHT,339.346161,5.670549,104.752441
4,EHand::RIGHT,338.609558,5.636434,104.287994
4,EHand::RIGHT,337.774933,5.591933,103.786804
4,EHand::RIGHT,336.680912,5.642766,103.363976
4,EHand::RIGHT,335.803661,5.611398,102.998123
4,EHand::RIGHT,335.027321,5.600996,102.604042
4,EHand::RIGHT,334.008034,5.621523,102.201057
4,EHand::RIGHT,333.025097,5.460543,101.867279
4,EHand::RIGHT,332.304714,5.345353,101.630547
4,EHand::RIGHT,331.301456,5.367362,101.317741
4,EHand::RIGHT,330.143715,5.499367,101.189598
4,EHand::RIGHT,329.011816,5.565237,101.06118
4,EHand::RIGHT,327.761381,5.638896,100.944946
4,EHand::RIGHT,326.38343,5.639775,100.896332
4,EHand::RIGHT,324.820221,5.627256,100.897636
4,EHand::RIGHT,323.161537,5.643127,100.946602
4,EHand::RIGHT,321.481176,5.632987,100.977966
4,EHand::RIGHT,319.639572,5.653266,101.055023
4,EHand::RIGHT,317.859961,5.723414,101.019981
4,EHand::RIGHT,316.124544,5.832983,100.861694
4,EHand::RIGHT,314.599754,5.968576,100.577972
4,EHand::RIGHT,313.282511,6.101507,100.234436
4,EHand::RIGHT,312.217879,6.103297,99.806686
4,EHand::RIGHT,311.355059,5.997736,99.296387
4,EHand::RIGHT,310.471685,5.998236,98.904785
4,EHand::RIGHT,39.78391,6.096225,98.539795
4,EHand::RIGHT,39.35118,6.187831,98.158035
4,EHand::RIGHT,38.883597,6.174264,97.772163
4,EHand::RIGHT,38.730748,6.078102,97.389748
4,EHand::RIGHT,38.582603,6.05321,97.050301
4,EHand::RIGHT,38.478122,6.096502,96.755211
4,EHand::RIGHT,38.357299,6.167111,96.502914
4,EHand::RIGHT,38.223842,6.245197,96.303917
4,EHand::RIGHT,38.291351,6.314413,96.185486
4,EHand::RIGHT,38.236301,6.303929,96.060341
4,EHand::RIGHT,38.167545,6.282279,96.020287
4,EHand::RIGHT,38.03299,6.297981,96.032944
4,EHand::RIGHT,37.869118,6.358519,96.18235
4,EHand::RIGHT,37.659982,6.363447,96.313164
4,EHand::RIGHT,37.455214,6.295556,96.423828
4,EHand::RIGHT,37.290123,6.198536,96.581039
4,EHand::RIGHT,37.22322,6.125234,96.776367
4,EHand::RIGHT,37.20223,6.104308,96.964577
4,EHand::RIGHT,37.183897,6.095382,97.117249
4,EHand::RIGHT,37.187161,6.0983,97.250015
4,EHand::RIGHT,37.186977,6.086361,97.357315
4,EHand::RIGHT,37.235333,6.077336,97.440102
4,EHand::RIGHT,37.343128,6.118576,97.429474
4,EHand::RIGHT,37.353282,6.190214,97.56501
4,EHand::RIGHT,37.362741,6.235668,97.621361
4,EHand::RIGHT,37.41087,6.282687,97.616585
4,EHand::RIGHT,37.473765,6.335443,97.659721
4,EHand::RIGHT,37.533636,6.337963,97.645905
4,EHand::RIGHT,37.603787,6.308299,97.611031
4,EHand::RIGHT,37.635591,6.272583,97.552116
4,EHand::RIGHT,37.622279,6.261894,97.517952
4,EHand::RIGHT,37.71464,6.257578,97.516945
4,EHand::RIGHT,37.837569,6.272806,97.508102
4,EHand::RIGHT,37.982563,6.305332,97.495041
4,EHand::RIGHT,38.067232,6.331681,97.490356
4,EHand::RIGHT,38.075491,6.347426,97.490593
4,EHand::RIGHT,38.098666,6.362044,97.493355
4,EHand::RIGHT,38.115379,6.359134,97.49369
4,EHand::RIGHT,38.204943,6.372149,97.496674
4,EHand::RIGHT,38.316276,6.394131,97.501915
4,EHand::RIGHT,38.443357,6.421933,97.506721
4,EHand::RIGHT,38.592451,6.459235,97.50705
4,EHand::RIGHT,38.710874,6.477282,97.497543
4,EHand::RIGHT,38.859388,6.491624,97.483894
4,EHand::RIGHT,39.026175,6.508914,97.468445
4,EHand::RIGHT,39.150723,6.525528,97.460449
4,EHand::RIGHT,39.303997,6.55869,97.448425
4,EHand::RIGHT,39.546364,6.60393,97.423576
4,EHand::RIGHT,39.860572,6.640733,97.345688
4,EHand::RIGHT,310.247634,6.623529,97.21553
4,EHand::RIGHT,310.596282,6.652298,97.118958
4,EHand::RIGHT,310.986692,6.72647,97.017159
4,EHand::RIGHT,311.417506,6.759366,96.880402
4,EHand::RIGHT,311.870158,6.76125,96.750511
4,EHand::RIGHT,312.337914,6.767622,96.634575
4,EHand::RIGHT,312.855533,6.7968,96.543861
4,EHand::RIGHT,313.389397,6.809278,96.447403
4,EHand::RIGHT,313.954556,6.806382,96.348274
4,EHand::RIGHT,314.539845,6.813849,96.249321
4,EHand::RIGHT,315.183437,6.863252,96.197685
4,EHand::RIGHT,315.834088,6.950527,96.225105
4,EHand::RIGHT,316.506342,6.998709,96.309837
4,EHand::RIGHT,317.195301,7.037407,96.436485
4,EHand::RIGHT,317.865921,7.110302,96.549759
4,EHand::RIGHT,318.631468,7.140818,96.701515
4,EHand::RIGHT,319.441334,7.103177,96.880028
4,EHand::RIGHT,320.205692,7.14145,97.127007
4,EHand::RIGHT,321.009752,7.202774,97.461807
4,EHand::RIGHT,321.877224,7.206963,97.809502
4,EHand::RIGHT,322.772243,7.213813,98.165009
4,EHand::RIGHT,323.650595,7.260591,98.549232
4,EHand::RIGHT,324.487017,7.363134,99.000511
4,EHand::RIGHT,325.29657,7.52523,99.537224
4,EHand::RIGHT,326.167587,7.655388,100.112602
4,EHand::RIGHT,327.07029,7.691508,100.600304
4,EHand::RIGHT,328.110191,7.736897,101.061531
4,EHand::RIGHT,329.176104,7.840495,101.455818
4,EHand::RIGHT,330.356234,7.906424,101.868225
4,EHand::RIGHT,331.417543,7.961503,102.234886
4,EHand::RIGHT,332.47966,7.996575,102.653549
4,EHand::RIGHT,333.495213,7.932561,103.06649
4,EHand::RIGHT,334.413662,7.796687,103.515053
4,EHand::RIGHT,335.314152,7.65192,103.970024
4,EHand::RIGHT,336.206203,7.515059,104.402962
4,EHand::RIGHT,337.031551,7.27971,104.891121
4,EHand::RIGHT,337.833263,7.111346,105.38961
4,EHand::RIGHT,338.755123,7.08333,105.787933
4,EHand::RIGHT,339.915337,7.187736,106.216263
4,EHand::RIGHT,341.099037,7.388655,106.534874
4,EHand::RIGHT,342.359299,7.594052,106.809196
4,EHand::RIGHT,343.486996,7.667005,107.116028
4,EHand::RIGHT,344.40345,7.563394,107.430252
4,EHand::RIGHT,345.295864,7.434825,107.724571
4,EHand::RIGHT,346.237713,7.272714,107.89164
4,EHand::RIGHT,347.22224,7.020324,108.06488
4,EHand::RIGHT,348.111721,6.747495,108.22673
4,EHand::RIGHT,348.987194,6.602081,108.438515
4,EHand::RIGHT,349.764435,6.564013,108.676147
4,EHand::RIGHT,350.603317,6.665766,108.885475
4,EHand::RIGHT,351.505882,6.77704,109.025475
4,EHand::RIGHT,352.429359,6.797521,109.06752
4,EHand::RIGHT,353.314514,6.62358,109.136429
4,EHand::RIGHT,354.08287,6.294812,109.188797
4,EHand::RIGHT,354.737236,5.963806,109.303772
4,EHand::RIGHT,355.327839,5.842402,109.502113
4,EHand::RIGHT,356.067734,5.913598,109.6931
4,EHand::RIGHT,356.884609,6.155595,109.874916
4,EHand::RIGHT,357.725613,6.344571,110.055038
4,EHand::RIGHT,358.617008,6.466424,110.207436
4,EHand::RIGHT,359.438335,6.437878,110.343636
4,EHand::RIGHT,360.097839,6.195836,110.497711
4,EHand::RIGHT,360.840534,5.858893,110.455132
4,EHand::RIGHT,361.573662,5.461718,110.368301
4,EHand::RIGHT,362.248684,5.194636,110.35836
4,EHand::RIGHT,362.661968,4.931442,110.389389
4,EHand::RIGHT,363.016468,4.692395,110.414139
4,EHand::RIGHT,363.339077,4.536791,110.463455
4,EHand::RIGHT,363.90218,4.624206,110.459663
4,EHand::RIGHT,364.509888,4.836988,110.408234
4,EHand::RIGHT,364.985291,5.089691,110.387703
4,EHand::RIGHT,365.45546,5.305558,110.272766
4,EHand::RIGHT,365.898285,5.399572,110.194992
4,EHand::RIGHT,366.393753,5.49774,110.246025
4,EHand::RIGHT,366.8134,5.625177,110.327507
4,EHand::RIGHT,367.258224,5.814722,110.458984
4,EHand::RIGHT,367.511551,5.874039,110.604881
4,EHand::RIGHT,367.834076,5.84353,110.700508
4,EHand::RIGHT,368.3507,5.744248,110.700035
4,EHand::RIGHT,368.903847,5.700664,110.661018
4,EHand::RIGHT,369.488693,5.609316,110.634766
4,EHand::RIGHT,369.857109,5.474626,110.605637
4,EHand::RIGHT,370.226006,5.429873,110.529411
4,EHand::RIGHT,370.57061,5.480076,110.419167
4,EHand::RIGHT,370.953682,5.532269,110.297058
4,EHand::RIGHT,371.414528,5.626404,110.104225
4,EHand::RIGHT,371.89296,5.820483,109.901451
4,EHand::RIGHT,372.323639,5.96505,109.749283
4,EHand::RIGHT,372.70974,6.082377,109.583351
4,EHand::RIGHT,373.071274,6.15804,109.38369
4,EHand::RIGHT,373.391228,6.25233,109.244514
4,EHand::RIGHT,373.714066,6.383443,109.139755
4,EHand::RIGHT,374.008354,6.477837,109.046745
4,EHand::RIGHT,374.216713,6.547071,108.964745
4,EHand::RIGHT,374.421661,6.630631,108.877357
4,EHand::RIGHT,374.579163,6.700096,108.787849
4,EHand::RIGHT,374.773773,6.698187,108.670822
4,EHand::RIGHT,374.956429,6.702942,108.528648
4,EHand::RIGHT,375.120857,6.794873,108.368576
4,EHand::RIGHT,375.567673,7.029364,108.164536
4,EHand::RIGHT,375.635399,7.151072,108.156181
4,EHand::RIGHT,375.851837,7.227051,108.076408
4,EHand::RIGHT,376.171036,7.307512,107.972923
4,EHand::RIGHT,376.292091,7.313526,107.987724
4,EHand::RIGHT,376.469292,7.333696,107.966301
4,EHand::RIGHT,376.648216,7.387903,107.978561
4,EHand::RIGHT,376.577881,7.428162,108.064056
4,EHand::RIGHT,376.78196,7.585423,108.029449
4,EHand::RIGHT,376.662102,7.486407,108.01635
4,EHand::RIGHT,376.567184,7.398739,108.030357
4,EHand::RIGHT,376.896576,7.42347,107.892433
4,EHand::RIGHT,376.980438,7.455021,107.812523
4,EHand::RIGHT,376.991737,7.491866,107.764923
4,EHand::RIGHT,376.98175,7.488695,107.743263
4,EHand::RIGHT,377.151169,7.496663,107.627579
4,EHand::RIGHT,377.285538,7.491751,107.555786
4,EHand::RIGHT,377.35598,7.524016,107.523643
4,EHand::RIGHT,377.40274,7.580944,107.48687
4,EHand::RIGHT,377.357506,7.609416,107.516273
4,EHand::RIGHT,377.438095,7.644264,107.452583
4,EHand::RIGHT,377.406265,7.647301,107.454132
4,EHand::RIGHT,377.4328,7.678886,107.39447
4,EHand::RIGHT,377.456734,7.70651,107.319191
4,EHand::RIGHT,377.491165,7.739639,107.198944
4,EHand::RIGHT,377.489067,7.745456,107.161095
4,EHand::RIGHT,377.499557,7.760231,107.098785
4,EHand::RIGHT,377.500633,7.769359,107.049133
4,EHand::RIGHT,377.478027,7.782342,106.975555
4,EHand::RIGHT,377.445374,7.803617,106.881401
4,EHand::RIGHT,377.43161,7.825483,106.846382
4,EHand::RIGHT,377.396301,7.892446,106.758057
4,EHand::RIGHT,377.352211,7.949351,106.711372
4,EHand::RIGHT,377.280922,8.00069,106.678284
4,EHand::RIGHT,377.169624,8.06356,106.620598
4,EHand::RIGHT,377.050293,8.119388,106.552353
4,EHand::RIGHT,376.896385,8.184054,106.48497
4,EHand::RIGHT,376.703209,8.287469,106.402336
4,EHand::RIGHT,376.479706,8.390862,106.33197
4,EHand::RIGHT,376.364365,8.419655,106.317497
4,EHand::RIGHT,376.182045,8.460636,106.295944
4,EHand::RIGHT,375.804756,8.611067,106.243774
4,EHand::RIGHT,375.423416,8.782395,106.235863
4,EHand::RIGHT,375.065933,8.921029,106.282249
4,EHand::RIGHT,374.698708,9.024373,106.301903
4,EHand::RIGHT,374.344139,9.049628,106.275177
4,EHand::RIGHT,373.998039,9.008229,106.238319
4,EHand::RIGHT,373.632088,8.910748,106.221832
4,EHand::RIGHT,373.235855,8.81294,106.240036
4,EHand::RIGHT,372.797081,8.792032,106.275749
4,EHand::RIGHT,372.359779,8.844046,106.293701
4,EHand::RIGHT,371.881622,8.942448,106.255623
4,EHand::RIGHT,371.444901,8.976606,106.135078
4,EHand::RIGHT,371.017326,8.918212,105.925682
4,EHand::RIGHT,370.57946,8.827794,105.741905
4,EHand::RIGHT,370.048309,8.64549,105.57563
4,EHand::RIGHT,369.408073,8.402584,105.468079
4,EHand::RIGHT,368.70575,8.110716,105.305901
4,EHand::RIGHT,367.872063,7.788686,104.998016
4,EHand::RIGHT,366.983955,7.585893,104.63356
4,EHand::RIGHT,366.075455,7.446846,104.207481
4,EHand::RIGHT,364.982986,7.41908,103.651222
4,EHand::RIGHT,363.77108,7.530361,103.189453
4,EHand::RIGHT,362.520229,7.716873,102.767548
4,EHand::RIGHT,361.089443,7.92092,102.28788
4,EHand::RIGHT,359.690918,7.805874,101.750122
4,EHand::RIGHT,358.470875,7.593995,101.203629
4,EHand::RIGHT,357.170212,7.266149,100.687691
4,EHand::RIGHT,355.678524,6.871849,100.303482
4,EHand::RIGHT,354.065681,6.577128,100.080788
4,EHand::RIGHT,352.377106,6.145582,99.809578
4,EHand::RIGHT,350.651981,5.718227,99.552383
4,EHand::RIGHT,348.881252,5.49599,99.31337
4,EHand::RIGHT,346.864487,5.583409,99.278793
4,EHand::RIGHT,343.740227,5.229426,98.771301
4,EHand::RIGHT,342.247787,5.099031,98.53743
4,EHand::RIGHT,340.962593,5.168632,98.342201
4,EHand::RIGHT,339.91095,5.34535,98.105179
4,EHand::RIGHT,339.083591,5.46535,97.878525
4,EHand::RIGHT,338.492428,5.351163,97.624245
4,EHand::RIGHT,337.905529,5.186287,97.409805
4,EHand::RIGHT,337.403858,5.064882,97.277466
4,EHand::RIGHT,337.044483,5.05476,97.210274
4,EHand::RIGHT,336.90086,5.075927,97.176094
4,EHand::RIGHT,336.610012,5.096798,97.146568
4,EHand::RIGHT,336.353989,5.099627,97.192314
4,EHand::RIGHT,336.00676,5.001008,97.263458
4,EHand::RIGHT,335.727936,4.82742,97.427856
4,EHand::RIGHT,335.591419,4.746811,97.605095
4,EHand::RIGHT,335.579525,4.739067,97.782501
4,EHand::RIGHT,335.81181,4.783913,97.950592
4,EHand::RIGHT,336.206921,4.853108,97.97834
4,EHand::RIGHT,335.86541,4.811094,98.197052
4,EHand::RIGHT,335.598541,4.754215,98.45713
4,EHand::RIGHT,335.678608,4.701444,98.673149
4,EHand::RIGHT,335.768559,4.630267,98.840172
4,EHand::RIGHT,336.056313,4.626457,98.73455
4,EHand::RIGHT,336.170326,4.573492,98.765739
4,EHand::RIGHT,336.221439,4.490918,98.855492
4,EHand::RIGHT,336.296211,4.382257,98.97451
4,EHand::RIGHT,336.373093,4.359431,99.024567
4,EHand::RIGHT,336.53204,4.366384,99.021423
4,EHand::RIGHT,336.647057,4.33824,99.036522
4,EHand::RIGHT,336.770718,4.314274,99.03141
4,EHand::RIGHT,336.937191,4.311988,98.996231
4,EHand::RIGHT,337.190281,4.340105,98.918175
4,EHand::RIGHT,337.331242,4.353063,98.841202
4,EHand::RIGHT,337.374626,4.327854,98.789444
4,EHand::RIGHT,337.502903,4.2935,98.712288
4,EHand::RIGHT,337.655483,4.240799,98.620453
4,EHand::RIGHT,337.942108,4.126595,98.458214
4,EHand::RIGHT,338.246449,3.96254,98.257362
4,EHand::RIGHT,338.37077,3.877771,98.147858
4,EHand::RIGHT,338.468887,3.824981,98.058723
4,EHand::RIGHT,338.512066,3.804307,98.00901
4,EHand::RIGHT,338.583771,3.770179,97.950645
4,EHand::RIGHT,338.643135,3.709165,97.897461
4,EHand::RIGHT,338.677174,3.623771,97.86158
4,EHand::RIGHT,338.687737,3.550344,97.851265
4,EHand::RIGHT,338.61853,3.563142,97.90152
4,EHand::RIGHT,338.539322,3.548589,97.955963
4,EHand::RIGHT,338.539879,3.483609,97.953079
4,EHand::RIGHT,338.545944,3.362932,97.952446
4,EHand::RIGHT,338.523247,3.260585,97.981056
4,EHand::RIGHT,338.489349,3.206614,98.011726
4,EHand::RIGHT,338.448017,3.157665,98.041054
4,EHand::RIGHT,338.414833,3.11245,98.063377
4,EHand::RIGHT,338.373199,3.066817,98.092133
4,EHand::RIGHT,338.333755,3.033949,98.121361
4,EHand::RIGHT,338.286449,3.002961,98.152611
4,EHand::RIGHT,338.204929,2.939033,98.206261
4,EHand::RIGHT,338.096939,2.852341,98.270294
4,EHand::RIGHT,338.030071,2.786359,98.302681
4,EHand::RIGHT,337.962582,2.701339,98.331589
4,EHand::RIGHT,337.915852,2.68004,98.356407
4,EHand::RIGHT,337.867405,2.754673,98.38961
4,EHand::RIGHT,337.857929,2.865397,98.400711
4,EHand::RIGHT,337.846394,3.031325,98.427345
4,EHand::RIGHT,337.822205,3.221649,98.487885
4,EHand::RIGHT,337.718166,3.624598,98.644302
4,EHand::RIGHT,337.577534,4.411637,98.917038
4,EHand::RIGHT,337.505199,5.111004,99.114136
4,EHand::RIGHT,337.471291,5.760593,99.276321
4,EHand::RIGHT,337.416985,6.49816,99.457863
4,EHand::RIGHT,337.341282,7.357362,99.673599
4,EHand::RIGHT,337.284679,8.17749,99.860016
4,EHand::RIGHT,337.213768,9.094272,100.045502
4,EHand::RIGHT,337.114002,10.071028,100.222
4,EHand::RIGHT,337.002174,11.088356,100.410187
4,EHand::RIGHT,336.875923,12.204863,100.590515
4,EHand::RIGHT,336.732819,13.389432,100.766205
4,EHand::RIGHT,336.56678,14.483844,100.945877
4,EHand::RIGHT,336.351894,15.6157,101.122429
4,EHand::RIGHT,336.125954,16.810291,101.282326
4,EHand::RIGHT,335.926498,18.053133,101.418327
4,EHand::RIGHT,335.768166,19.388472,101.520157
4,EHand::RIGHT,335.597702,20.734913,101.628532
4,EHand::RIGHT,335.364296,22.168129,101.737
4,EHand::RIGHT,335.116756,23.572124,101.836792
4,EHand::RIGHT,334.881618,24.957558,101.95565
4,EHand::RIGHT,334.607773,26.368687,102.005684
4,EHand::RIGHT,334.309883,27.770227,102.120193
4,EHand::RIGHT,333.951126,29.212595,102.221336
4,EHand::RIGHT,333.585567,30.600368,102.351555
4,EHand::RIGHT,333.128059,32.033615,102.501785
4,EHand::RIGHT,332.652481,33.405739,102.649155
4,EHand::RIGHT,332.19709,34.734051,102.797554
4,EHand::RIGHT,331.668653,35.945805,102.942596
4,EHand::RIGHT,331.134405,37.118977,103.084946
4,EHand::RIGHT,330.612431,38.262512,103.23951
4,EHand::RIGHT,330.056412,39.393906,103.396561
4,EHand::RIGHT,329.457642,40.453632,103.550301
4,EHand::RIGHT,328.893366,41.524677,103.693054
4,EHand::RIGHT,328.299553,42.490139,103.813507
4,EHand::RIGHT,327.738565,43.388832,103.893135
4,EHand::RIGHT,327.219334,44.252838,103.964066
4,EHand::RIGHT,326.681257,45.083721,104.080353
4,EHand::RIGHT,326.189846,45.8195,104.195114
4,EHand::RIGHT,325.675016,46.405575,104.359756
4,EHand::RIGHT,325.182384,46.893372,104.536224
4,EHand::RIGHT,324.775196,47.336414,104.704262
4,EHand::RIGHT,324.384394,47.765427,104.87822
4,EHand::RIGHT,324.177786,47.566147,105.082153
4,EHand::RIGHT,323.528069,48.017117,105.393425
4,EHand::RIGHT,323.411312,47.881401,105.467018
4,EHand::RIGHT,323.393961,47.721176,105.451073
4,EHand::RIGHT,323.421072,47.570686,105.397865
4,EHand::RIGHT,323.478949,47.415524,105.328217
4,EHand::RIGHT,323.697884,47.056084,105.180061
4,EHand::RIGHT,323.934546,46.640312,105.03273
4,EHand::RIGHT,324.278126,46.070488,104.860374
4,EHand::RIGHT,324.558651,45.557083,104.736015
4,EHand::RIGHT,324.939093,44.897278,104.589745
4,EHand::RIGHT,325.391764,44.188404,104.422699
4,EHand::RIGHT,325.872654,43.421955,104.269753
4,EHand::RIGHT,326.339754,42.644375,104.140076
4,EHand::RIGHT,326.873604,41.761131,104.01329
4,EHand::RIGHT,327.458086,40.812431,103.8862
4,EHand::RIGHT,328.003067,39.845245,103.774223
4,EHand::RIGHT,328.513739,38.809769,103.666687
4,EHand::RIGHT,329.068644,37.756123,103.598938
4,EHand::RIGHT,329.653877,36.658634,103.553261
4,EHand::RIGHT,330.260717,35.524216,103.518311
4,EHand::RIGHT,330.909481,34.248795,103.518356
4,EHand::RIGHT,331.560274,32.903061,103.574326
4,EHand::RIGHT,332.195831,31.564009,103.683128
4,EHand::RIGHT,332.774208,30.15415,103.828941
4,EHand::RIGHT,333.364044,28.523069,104.048386
4,EHand::RIGHT,333.930191,26.881508,104.270302
4,EHand::RIGHT,334.478344,25.227303,104.496994
4,EHand::RIGHT,334.977634,23.449783,104.770912
4,EHand::RIGHT,335.445534,21.638525,105.04509
4,EHand::RIGHT,335.897076,19.888504,105.301788
4,EHand::RIGHT,336.288799,18.169153,105.541016
4,EHand::RIGHT,336.645378,16.472054,105.751488
4,EHand::RIGHT,337.034431,14.830823,105.919708
4,EHand::RIGHT,337.591194,11.690633,105.991043
4,EHand::RIGHT,337.657936,10.398684,105.791855
4,EHand::RIGHT,338.161182,7.628464,105.758598
4,EHand::RIGHT,338.34552,6.519104,105.573967
4,EHand::RIGHT,338.546089,5.634851,105.308846
4,EHand::RIGHT,338.82267,4.821663,105.049347
4,EHand::RIGHT,339.148781,4.140975,104.787216
4,EHand::RIGHT,339.483788,3.622753,104.545151
4,EHand::RIGHT,339.705086,3.888402,104.31881
4,EHand::RIGHT,340.095417,3.145789,104.065384
4,EHand::RIGHT,340.176361,3.337832,103.988647
4,EHand::RIGHT,340.191765,3.440706,103.954361
4,EHand::RIGHT,340.153111,3.603314,103.94632
4,EHand::RIGHT,340.104424,3.885996,103.947449
4,EHand::RIGHT,340.016632,4.237185,103.96582
4,EHand::RIGHT,339.861553,4.614604,104.030846
4,EHand::RIGHT,339.724415,4.926577,104.093887
4,EHand::RIGHT,339.621017,5.284047,104.090691
4,EHand::RIGHT,339.536766,5.616809,104.095688
4,EHand::RIGHT,339.464027,5.883045,104.106247
4,EHand::RIGHT,339.419613,6.102216,104.116211
4,EHand::RIGHT,339.381989,6.310961,104.109474
4,EHand::RIGHT,339.310276,6.708611,104.074799
4,EHand::RIGHT,339.193851,7.337268,104.001808
4,EHand::RIGHT,339.157402,7.530586,103.933525
4,EHand::RIGHT,339.146351,7.691658,103.87355
4,EHand::RIGHT,339.151863,7.861866,103.820839
4,EHand::RIGHT,339.152851,7.998868,103.777397
4,EHand::RIGHT,339.157478,8.053041,103.727425
4,EHand::RIGHT,339.156082,8.051503,103.675743
4,EHand::RIGHT,339.145267,7.898278,103.626213
4,EHand::RIGHT,339.13586,7.699092,103.602409
4,EHand::RIGHT,339.131458,7.435073,103.590332
4,EHand::RIGHT,339.134418,7.177434,103.55703
4,EHand::RIGHT,339.145554,6.834519,103.480873
4,EHand::RIGHT,339.162098,6.453629,103.427742
4,EHand::RIGHT,339.169415,5.850364,103.348122
4,EHand::RIGHT,339.186077,4.728104,103.201935
4,EHand::RIGHT,339.198593,3.879514,103.155006
4,EHand::RIGHT,339.219891,3.026886,103.146263
4,EHand::RIGHT,339.240986,2.088851,103.161903
4,EHand::RIGHT,339.267242,1.009279,103.216003
4,EHand::RIGHT,339.253983,-0.018294,103.277863
4,EHand::RIGHT,339.23196,-1.202016,103.384682
4,EHand::RIGHT,339.197227,-2.425163,103.494835
4,EHand::RIGHT,339.175877,-3.79678,103.613594
4,EHand::RIGHT,339.151638,-5.255239,103.7565
4,EHand::RIGHT,339.122509,-6.688931,103.904816
4,EHand::RIGHT,339.19313,-8.470387,104.163025
4,EHand::RIGHT,339.287312,-11.233311,104.480293
4,EHand::RIGHT,339.362179,-12.852571,104.754814
4,EHand::RIGHT,339.332901,-14.39964,105.052841
4,EHand::RIGHT,339.243576,-15.919417,105.384552
4,EHand::RIGHT,339.087353,-17.481703,105.74646
4,EHand::RIGHT,338.788303,-19.117081,106.205772
4,EHand::RIGHT,338.461998,-20.607931,106.679344
4,EHand::RIGHT,338.13866,-21.984303,107.132469
4,EHand::RIGHT,337.794388,-23.311569,107.582161
4,EHand::RIGHT,337.418159,-24.625206,108.015526
4,EHand::RIGHT,337.010742,-25.943274,108.450485
4,EHand::RIGHT,336.554329,-27.224707,108.850014
4,EHand::RIGHT,336.102222,-28.364838,109.187271
4,EHand::RIGHT,335.698021,-29.393566,109.456886
4,EHand::RIGHT,335.333572,-30.418507,109.693977
4,EHand::RIGHT,334.967484,-31.375698,109.889076
4,EHand::RIGHT,334.59901,-32.343193,110.05249
4,EHand::RIGHT,334.23138,-33.315704,110.180161
4,EHand::RIGHT,333.862297,-34.215305,110.276161
4,EHand::RIGHT,333.50354,-35.006191,110.352005
4,EHand::RIGHT,333.146484,-35.634441,110.37941
4,EHand::RIGHT,332.814594,-36.235615,110.442314
4,EHand::RIGHT,332.490925,-36.781998,110.496994
4,EHand::RIGHT,332.17168,-37.319164,110.543442
4,EHand::RIGHT,331.896139,-37.744289,110.55722
4,EHand::RIGHT,331.713291,-38.097187,110.528755
4,EHand::RIGHT,331.585365,-38.361843,110.474838
4,EHand::RIGHT,331.492836,-38.531052,110.417305
4,EHand::RIGHT,331.407066,-38.605389,110.36937
4,EHand::RIGHT,331.336906,-38.613094,110.33683
4,EHand::RIGHT,331.318232,-38.556515,110.319366
4,EHand::RIGHT,331.311306,-38.432209,110.290146
4,EHand::RIGHT,331.4974,-37.929573,110.208511
4,EHand::RIGHT,331.675037,-37.529522,110.172173
4,EHand::RIGHT,331.825214,-37.210426,110.14196
4,EHand::RIGHT,332.043232,-36.762245,110.071388
4,EHand::RIGHT,332.308804,-36.247478,109.980453
4,EHand::RIGHT,332.711285,-35.48735,109.851776
4,EHand::RIGHT,333.311291,-34.402931,109.674034
4,EHand::RIGHT,333.75663,-33.599228,109.532181
4,EHand::RIGHT,334.287037,-32.625313,109.336136
4,EHand::RIGHT,334.893616,-31.458679,109.068253
4,EHand::RIGHT,335.479385,-30.235624,108.771179
4,EHand::RIGHT,336.030197,-28.99515,108.45504
4,EHand::RIGHT,336.629761,-27.549685,108.037521
4,EHand::RIGHT,337.268166,-26.145544,107.63205
4,EHand::RIGHT,337.887108,-24.835041,107.283531
4,EHand::RIGHT,338.495934,-23.531733,106.987488
4,EHand::RIGHT,339.097851,-22.161207,106.730988
4,EHand::RIGHT,339.632431,-20.664495,106.580185
4,EHand::RIGHT,340.069134,-18.97716,106.56929
4,EHand::RIGHT,340.401726,-17.149799,106.671097
4,EHand::RIGHT,340.701851,-15.478815,106.760582
4,EHand::RIGHT,340.880688,-13.812219,106.897148
4,EHand::RIGHT,341.089935,-12.0508,106.989418
4,EHand::RIGHT,341.198765,-10.215521,107.131897
4,EHand::RIGHT,341.192947,-8.385129,107.299828
4,EHand::RIGHT,341.119133,-6.620395,107.45118
4,EHand::RIGHT,341.077797,-4.992307,107.565475
4,EHand::RIGHT,341.010647,-3.486749,107.684608
4,EHand::RIGHT,340.945511,-2.080089,107.701363
4,EHand::RIGHT,341.025196,-0.691031,107.634392
4,EHand::RIGHT,341.087513,0.483837,107.550606
4,EHand::RIGHT,341.08839,1.452537,107.522797
4,EHand::RIGHT,341.013229,2.229599,107.533714
4,EHand::RIGHT,340.97205,2.834294,107.566109
4,EHand::RIGHT,340.973061,3.265683,107.610832
4,EHand::RIGHT,341.027603,3.539897,107.619583
4,EHand::RIGHT,341.170807,3.856595,107.508827
4,EHand::RIGHT,341.410328,4.039863,107.341072
4,EHand::RIGHT,341.458344,4.138548,107.25367
4,EHand::RIGHT,341.4128,4.092643,107.210182
4,EHand::RIGHT,341.294975,3.643646,107.188477
4,EHand::RIGHT,341.254055,3.859021,107.127045
4,EHand::RIGHT,341.251736,3.752074,107.044769
4,EHand::RIGHT,341.287384,3.593884,106.948425
4,EHand::RIGHT,341.301968,3.394134,106.88974
4,EHand::RIGHT,341.30151,3.202201,106.8778
4,EHand::RIGHT,341.319386,3.126806,106.794342
4,EHand::RIGHT,341.359993,3.075316,106.623795
4,EHand::RIGHT,341.379185,2.982835,106.51059
4,EHand::RIGHT,341.381828,2.937942,106.499336
4,EHand::RIGHT,341.392578,2.891696,106.446709
4,EHand::RIGHT,341.407986,2.816367,106.35244
4,EHand::RIGHT,341.419144,2.714317,106.238495
4,EHand::RIGHT,341.421551,2.619075,106.154716
4,EHand::RIGHT,341.409683,2.621291,106.169144
4,EHand::RIGHT,341.405407,2.616445,106.169411
4,EHand::RIGHT,341.399017,2.607232,106.170654
4,EHand::RIGHT,341.388683,2.596847,106.17189
4,EHand::RIGHT,341.367416,2.565791,106.159233
4,EHand::RIGHT,341.322208,2.526818,106.155518
4,EHand::RIGHT,341.252941,2.496775,106.172714
4,EHand::RIGHT,341.178589,2.494857,106.207726
4,EHand::RIGHT,341.175072,2.559342,106.236282
4,EHand::RIGHT,341.197285,2.633132,106.248817
4,EHand::RIGHT,341.189556,2.719992,106.269821
4,EHand::RIGHT,341.18811,2.804553,106.281349
4,EHand::RIGHT,341.199215,2.855118,106.280815
4,EHand::RIGHT,341.215889,2.895599,106.278419
4,EHand::RIGHT,341.233288,2.915643,106.273697
4,EHand::RIGHT,341.27935,3.152688,106.26358
4,EHand::RIGHT,341.297035,3.21327,106.254181
4,EHand::RIGHT,341.319996,3.286082,106.245819
4,EHand::RIGHT,341.335121,3.346652,106.24057
4,EHand::RIGHT,341.34927,3.411035,106.234047
4,EHand::RIGHT,341.365219,3.473811,106.224739
4,EHand::RIGHT,341.374229,3.517482,106.216347
4,EHand::RIGHT,341.380089,3.558866,106.205666
4,EHand::RIGHT,341.374031,3.575578,106.200066
4,EHand::RIGHT,341.364124,3.585284,106.195366
4,EHand::RIGHT,341.354023,3.598293,106.189224
4,EHand::RIGHT,341.338169,3.621303,106.175316
4,EHand::RIGHT,341.327335,3.626193,106.162354
4,EHand::RIGHT,341.31284,3.631864,106.142357
4,EHand::RIGHT,341.290886,3.630244,106.108406
4,EHand::RIGHT,341.274216,3.618901,106.078896
4,EHand::RIGHT,341.266045,3.606928,106.058228
4,EHand::RIGHT,341.264114,3.593498,106.03212
4,EHand::RIGHT,341.265018,3.57668,105.995979
4,EHand::RIGHT,341.268753,3.552778,105.940521
4,EHand::RIGHT,341.280869,3.529919,105.882385
4,EHand::RIGHT,341.28944,3.513063,105.844353
4,EHand::RIGHT,341.291302,3.492865,105.813896
4,EHand::RIGHT,341.287521,3.479951,105.802795
4,EHand::RIGHT,341.284321,3.46039,105.780533
4,EHand::RIGHT,341.282131,3.448071,105.763451
4,EHand::RIGHT,341.281338,3.445696,105.757927
4,EHand::RIGHT,341.277756,3.439177,105.75341
4,EHand::RIGHT,341.271587,3.423999,105.744644
4,EHand::RIGHT,341.259594,3.400595,105.745079
4,EHand::RIGHT,341.250301,3.38428,105.750168
4,EHand::RIGHT,341.244446,3.373354,105.754211
4,EHand::RIGHT,341.22998,3.353059,105.762253
4,EHand::RIGHT,341.215794,3.334917,105.768982
4,EHand::RIGHT,341.207878,3.322895,105.771484
4,EHand::RIGHT,341.203575,3.312466,105.771004
4,EHand::RIGHT,341.204063,3.306837,105.766083
4,EHand::RIGHT,341.206203,3.303921,105.761086
4,EHand::RIGHT,341.204498,3.295797,105.757294
4,EHand::RIGHT,341.202839,3.288479,105.758415
4,EHand::RIGHT,341.195465,3.273304,105.772987
4,EHand::RIGHT,341.164051,3.24592,105.805168
4,EHand::RIGHT,341.126724,3.214353,105.847374
4,EHand::RIGHT,341.114979,3.210435,105.863998
4,EHand::RIGHT,341.104347,3.208769,105.880203
4,EHand::RIGHT,341.072323,3.18762,105.923607
4,EHand::RIGHT,341.056015,3.171706,105.950081
4,EHand::RIGHT,341.055565,3.167019,105.961502
4,EHand::RIGHT,341.053593,3.160088,105.978119
4,EHand::RIGHT,341.048874,3.147735,105.995163
4,EHand::RIGHT,341.046093,3.128739,106.012932
4,EHand::RIGHT,341.048435,3.109044,106.026329
4,EHand::RIGHT,341.05035,3.097068,106.031677
4,EHand::RIGHT,341.046722,3.083321,106.03714
4,EHand::RIGHT,341.045124,3.072512,106.040253
4,EHand::RIGHT,341.04483,3.062077,106.041481
4,EHand::RIGHT,341.045036,3.048252,106.041405
4,EHand::RIGHT,341.044029,3.031726,106.040695
4,EHand::RIGHT,341.042023,3.019634,106.040588
4,EHand::RIGHT,341.041656,3.010776,106.042953
4,EHand::RIGHT,341.033428,2.985765,106.051552
4,EHand::RIGHT,341.027142,2.97067,106.060791
4,EHand::RIGHT,341.028721,2.968483,106.068466
4,EHand::RIGHT,341.04073,2.974119,106.077972
4,EHand::RIGHT,341.043922,2.975989,106.082245
4,EHand::RIGHT,341.049179,2.977206,106.090034
4,EHand::RIGHT,341.054428,2.976103,106.098351
4,EHand::RIGHT,341.061562,2.971597,106.110107
4,EHand::RIGHT,341.067677,2.965068,106.120613
4,EHand::RIGHT,341.077217,2.954087,106.138947
4,EHand::RIGHT,341.081093,2.947354,106.150566
4,EHand::RIGHT,341.085812,2.941999,106.156822
4,EHand::RIGHT,341.089836,2.939247,106.157425
4,EHand::RIGHT,341.092052,2.936999,106.157516
4,EHand::RIGHT,341.094887,2.930898,106.15773
4,EHand::RIGHT,341.099579,2.919962,106.156395
4,EHand::RIGHT,341.103638,2.910583,106.153809
4,EHand::RIGHT,341.109848,2.898506,106.148529
4,EHand::RIGHT,341.116108,2.882396,106.141624
4,EHand::RIGHT,341.119297,2.869125,106.136032
4,EHand::RIGHT,341.123112,2.852013,106.129684
4,EHand::RIGHT,341.129074,2.834442,106.119896
4,EHand::RIGHT,341.141499,2.809982,106.098129
4,EHand::RIGHT,341.147827,2.79854,106.086769
4,EHand::RIGHT,341.156483,2.786531,106.072792
4,EHand::RIGHT,341.169678,2.765814,106.047974
4,EHand::RIGHT,341.180836,2.746374,106.021881
4,EHand::RIGHT,341.190197,2.731807,105.998337
4,EHand::RIGHT,341.200741,2.708582,105.966057
4,EHand::RIGHT,341.207375,2.689409,105.939804
4,EHand::RIGHT,341.212166,2.677325,105.920052
4,EHand::RIGHT,341.222961,2.659727,105.890121
4,EHand::RIGHT,341.229462,2.64619,105.869041
4,EHand::RIGHT,341.232506,2.635665,105.85582
4,EHand::RIGHT,341.235004,2.624882,105.843651
4,EHand::RIGHT,341.239014,2.609744,105.827942
4,EHand::RIGHT,341.244972,2.593317,105.812408
4,EHand::RIGHT,341.254875,2.577957,105.79805
4,EHand::RIGHT,341.264946,2.56496,105.785545
4,EHand::RIGHT,341.273098,2.557147,105.775917
4,EHand::RIGHT,341.280853,2.551937,105.767967
4,EHand::RIGHT,341.288506,2.548298,105.760887
4,EHand::RIGHT,341.297089,2.545956,105.753349
4,EHand::RIGHT,341.304665,2.545195,105.747856
4,EHand::RIGHT,341.311302,2.543658,105.745384
